Dataset Bandwidth Full Analysis Report
======================================
Data Source: /data/hwh_data_folder/dataset/train

### Class 3 (WiFi_40_QPSK)
Target Standard Bandwidth: 40.0 MHz
--------------------------------------------------
  ● Bandwidth: 20.0 MHz  [ANOMALY] (异常! 差值: -20.0000)
    Count: 334 files
    IDs: [35, 45, 117, 164, 198, 199, 202, 220, 226, 232, 246, 253, 261, 284, 300, 304, 315, 346, 388, 434, 451, 563, 595, 610, 619, 639, 644, 653, 658, 669, 680, 757, 760, 763, 765, 805, 810, 814, 818, 838, 887, 948, 981, 1022, 1025, 1029, 1055, 1066, 1069, 1146, 1172, 1199, 1250, 1252, 1288, 1291, 1296, 1379, 1386, 1389, 1395, 1402, 1442, 1512, 1550, 1579, 1581, 1590, 1598, 1602, 1616, 1639, 1655, 1656, 1660, 1670, 1684, 1702, 1712, 1745, 1753, 1756, 1759, 1761, 1766, 1784, 1805, 1830, 1859, 1905, 1926, 1966, 2004, 2028, 2043, 2045, 2076, 2084, 2115, 2126, 2128, 2140, 2149, 2195, 2232, 2286, 2287, 2300, 2301, 2306, 2361, 2389, 2546, 2549, 2562, 2601, 2607, 2616, 2625, 2701, 2738, 2747, 2766, 2792, 2795, 2798, 2831, 2835, 2854, 2878, 2880, 2882, 2963, 2986, 3020, 3027, 3071, 3100, 3115, 3132, 3154, 3198, 3205, 3228, 3257, 3263, 3292, 3375, 3427, 3433, 3439, 3448, 3452, 3475, 3478, 3483, 3505, 3512, 3514, 3534, 3570, 3583, 3633, 3637, 3692, 3694, 3702, 3719, 3744, 3822, 3845, 3850, 3876, 3884, 3887, 3927, 3933, 3936, 3956, 4018, 4025, 4050, 4055, 4069, 4092, 4100, 4126, 4144, 4147, 4148, 4169, 4222, 4237, 4242, 4278, 4387, 4398, 4419, 4427, 4480, 4481, 4533, 4543, 4552, 4567, 4639, 4640, 4651, 4662, 4668, 4673, 4701, 4714, 4768, 4775, 4785, 4787, 4792, 4841, 4876, 4880, 4888, 4903, 4907, 4917, 4920, 4946, 4957, 4967, 4976, 4995, 5004, 5007, 5022, 5050, 5068, 5109, 5143, 5169, 5176, 5191, 5196, 5208, 5273, 5290, 5292, 5298, 5311, 5354, 5357, 5372, 5378, 5399, 5428, 5435, 5482, 5546, 5575, 5578, 5626, 5630, 5696, 5700, 5710, 5725, 5756, 5821, 5825, 5826, 5850, 5852, 5892, 5913, 6070, 6096, 6101, 6161, 6181, 6192, 6217, 6243, 6266, 6306, 6315, 6331, 6340, 6350, 6366, 6404, 6427, 6460, 6480, 6483, 6539, 6545, 6565, 6570, 6578, 6587, 6600, 6626, 6638, 6696, 6700, 6738, 6752, 6763, 6769, 6796, 6834, 6839, 6886, 6893, 6901, 6911, 6953, 6982, 6996, 7095, 7098, 7139, 7155, 7161, 7174, 7187, 7191, 7212, 7262, 7299, 7351, 7418, 7419, 7470, 7487]

  ● Bandwidth: 40.0 MHz  [STANDARD] (标准)
    Count: 333 files
    IDs: [21, 54, 105, 119, 186, 204, 205, 207, 222, 234, 264, 286, 294, 300, 312, 335, 408, 409, 448, 458, 479, 480, 568, 573, 606, 669, 685, 706, 804, 838, 894, 916, 927, 935, 966, 985, 990, 992, 1025, 1026, 1165, 1174, 1201, 1202, 1210, 1212, 1284, 1290, 1340, 1341, 1344, 1374, 1396, 1431, 1432, 1452, 1469, 1472, 1473, 1482, 1490, 1518, 1553, 1558, 1626, 1641, 1672, 1673, 1681, 1693, 1708, 1712, 1753, 1765, 1769, 1800, 1927, 1954, 1975, 1983, 1986, 2023, 2029, 2053, 2076, 2111, 2125, 2127, 2134, 2135, 2137, 2143, 2166, 2196, 2198, 2242, 2253, 2298, 2303, 2305, 2311, 2315, 2321, 2329, 2334, 2348, 2368, 2383, 2389, 2413, 2446, 2459, 2478, 2510, 2516, 2536, 2547, 2555, 2576, 2619, 2631, 2640, 2651, 2676, 2686, 2711, 2725, 2735, 2760, 2785, 2793, 2795, 2832, 2881, 2894, 2947, 3016, 3047, 3062, 3083, 3088, 3091, 3098, 3154, 3230, 3253, 3256, 3270, 3289, 3313, 3353, 3363, 3383, 3433, 3437, 3477, 3512, 3532, 3536, 3542, 3579, 3625, 3638, 3653, 3704, 3713, 3728, 3739, 3756, 3828, 3829, 3849, 3887, 3898, 3916, 3921, 3989, 4003, 4032, 4063, 4085, 4161, 4162, 4165, 4207, 4232, 4237, 4254, 4298, 4302, 4337, 4351, 4363, 4387, 4467, 4474, 4497, 4518, 4520, 4530, 4566, 4606, 4662, 4673, 4710, 4723, 4737, 4771, 4813, 4829, 4850, 4852, 4853, 4918, 4935, 4961, 4990, 5017, 5032, 5045, 5047, 5053, 5083, 5137, 5142, 5203, 5255, 5279, 5312, 5318, 5357, 5380, 5442, 5472, 5477, 5488, 5491, 5500, 5551, 5588, 5639, 5641, 5648, 5652, 5662, 5668, 5697, 5729, 5730, 5741, 5746, 5753, 5771, 5775, 5778, 5789, 5794, 5840, 5852, 5912, 5942, 5948, 5961, 5974, 5979, 5987, 6012, 6028, 6073, 6102, 6116, 6165, 6180, 6199, 6214, 6218, 6220, 6248, 6254, 6261, 6318, 6346, 6359, 6383, 6386, 6390, 6395, 6399, 6416, 6429, 6449, 6460, 6472, 6474, 6476, 6504, 6512, 6565, 6631, 6664, 6668, 6700, 6727, 6757, 6779, 6782, 6819, 6836, 6863, 6866, 6868, 6888, 6902, 6990, 7004, 7016, 7040, 7093, 7134, 7155, 7164, 7201, 7227, 7250, 7298, 7301, 7339, 7367, 7368, 7433, 7450, 7460, 7489]


==================================================

### Class 9 (Lora_0.25)
Target Standard Bandwidth: 0.25 MHz
--------------------------------------------------
  ● Bandwidth: 0.0523 MHz  [ANOMALY] (异常! 差值: -0.1977)
    Count: 2258 files
    IDs: [0, 3, 12, 16, 21, 22, 24, 25, 33, 34, 36, 40, 46, 48, 49, 50, 54, 55, 63, 66, 75, 76, 79, 80, 81, 82, 85, 86, 92, 95, 96, 103, 105, 113, 116, 117, 126, 131, 132, 133, 134, 137, 138, 139, 142, 143, 149, 153, 155, 157, 158, 160, 177, 178, 184, 186, 188, 193, 200, 202, 203, 205, 207, 214, 215, 217, 220, 222, 223, 229, 239, 245, 250, 263, 270, 274, 275, 277, 278, 281, 289, 290, 294, 303, 304, 307, 308, 310, 311, 317, 319, 326, 331, 336, 337, 344, 348, 349, 350, 351, 352, 355, 357, 358, 363, 364, 365, 369, 370, 374, 375, 381, 384, 387, 390, 391, 392, 393, 394, 396, 399, 401, 402, 406, 410, 412, 414, 418, 419, 424, 430, 441, 447, 451, 453, 454, 455, 458, 463, 470, 478, 480, 481, 482, 486, 492, 496, 499, 503, 507, 511, 514, 515, 517, 518, 526, 527, 530, 533, 535, 537, 544, 547, 551, 552, 554, 556, 561, 563, 565, 568, 575, 576, 581, 585, 589, 591, 592, 599, 602, 607, 613, 624, 625, 630, 636, 638, 642, 644, 648, 654, 655, 659, 660, 661, 663, 665, 666, 667, 668, 677, 678, 684, 685, 690, 695, 699, 701, 706, 707, 709, 711, 712, 715, 716, 717, 720, 723, 727, 734, 738, 739, 740, 745, 747, 750, 752, 758, 759, 762, 767, 774, 776, 779, 781, 788, 792, 795, 796, 799, 800, 807, 808, 816, 818, 826, 828, 830, 832, 834, 839, 840, 842, 851, 854, 863, 867, 875, 882, 891, 893, 896, 899, 906, 914, 916, 919, 921, 924, 926, 927, 935, 941, 942, 943, 948, 958, 959, 960, 966, 967, 968, 970, 971, 972, 980, 983, 985, 989, 990, 999, 1004, 1011, 1012, 1020, 1022, 1024, 1028, 1029, 1032, 1042, 1044, 1047, 1059, 1069, 1072, 1077, 1079, 1080, 1085, 1086, 1087, 1096, 1099, 1101, 1104, 1107, 1109, 1110, 1119, 1120, 1121, 1122, 1123, 1128, 1136, 1141, 1142, 1145, 1150, 1151, 1156, 1158, 1162, 1167, 1169, 1171, 1172, 1174, 1176, 1180, 1184, 1187, 1190, 1200, 1201, 1207, 1213, 1216, 1217, 1221, 1228, 1229, 1233, 1235, 1237, 1242, 1244, 1248, 1250, 1252, 1261, 1271, 1278, 1279, 1284, 1287, 1291, 1292, 1294, 1299, 1302, 1305, 1310, 1312, 1315, 1320, 1321, 1329, 1331, 1336, 1341, 1352, 1354, 1355, 1358, 1359, 1362, 1368, 1378, 1381, 1384, 1387, 1389, 1392, 1394, 1413, 1415, 1416, 1417, 1418, 1423, 1424, 1433, 1440, 1445, 1450, 1452, 1457, 1458, 1461, 1464, 1467, 1470, 1471, 1473, 1474, 1478, 1479, 1482, 1487, 1492, 1502, 1513, 1520, 1524, 1525, 1527, 1532, 1536, 1538, 1540, 1541, 1544, 1549, 1550, 1554, 1566, 1569, 1574, 1575, 1576, 1582, 1584, 1585, 1586, 1594, 1595, 1597, 1598, 1602, 1605, 1607, 1612, 1613, 1615, 1616, 1617, 1622, 1623, 1628, 1632, 1635, 1640, 1642, 1650, 1651, 1654, 1657, 1658, 1659, 1665, 1667, 1669, 1673, 1674, 1679, 1683, 1684, 1686, 1690, 1698, 1703, 1706, 1707, 1708, 1709, 1710, 1711, 1717, 1720, 1723, 1727, 1730, 1735, 1739, 1740, 1744, 1746, 1747, 1749, 1760, 1761, 1762, 1768, 1769, 1771, 1773, 1784, 1787, 1793, 1794, 1796, 1800, 1806, 1814, 1815, 1822, 1824, 1825, 1827, 1829, 1830, 1831, 1842, 1843, 1846, 1852, 1854, 1856, 1859, 1863, 1873, 1875, 1876, 1878, 1886, 1890, 1892, 1896, 1898, 1900, 1901, 1908, 1910, 1913, 1916, 1920, 1921, 1922, 1927, 1929, 1930, 1931, 1936, 1937, 1938, 1941, 1942, 1943, 1947, 1950, 1952, 1954, 1956, 1957, 1959, 1960, 1961, 1964, 1967, 1978, 1980, 1982, 1984, 1986, 1987, 1990, 1991, 1992, 1999, 2009, 2010, 2011, 2021, 2026, 2027, 2030, 2031, 2034, 2036, 2037, 2041, 2045, 2046, 2051, 2052, 2055, 2056, 2059, 2063, 2066, 2071, 2077, 2078, 2080, 2082, 2083, 2087, 2088, 2092, 2096, 2097, 2098, 2099, 2107, 2108, 2109, 2110, 2111, 2112, 2117, 2123, 2126, 2128, 2132, 2135, 2139, 2144, 2147, 2156, 2157, 2158, 2160, 2161, 2163, 2164, 2166, 2169, 2173, 2174, 2176, 2185, 2186, 2193, 2196, 2198, 2199, 2203, 2204, 2209, 2212, 2213, 2216, 2217, 2222, 2223, 2228, 2229, 2230, 2232, 2239, 2241, 2244, 2246, 2248, 2249, 2253, 2258, 2267, 2268, 2272, 2274, 2275, 2276, 2283, 2290, 2297, 2303, 2305, 2306, 2309, 2316, 2318, 2323, 2324, 2338, 2339, 2346, 2352, 2353, 2357, 2365, 2369, 2372, 2374, 2379, 2387, 2389, 2392, 2394, 2395, 2398, 2400, 2403, 2404, 2408, 2410, 2411, 2412, 2413, 2414, 2415, 2416, 2419, 2424, 2427, 2428, 2430, 2438, 2440, 2441, 2444, 2446, 2449, 2450, 2453, 2457, 2458, 2459, 2460, 2463, 2465, 2467, 2469, 2473, 2474, 2475, 2477, 2482, 2485, 2490, 2493, 2494, 2500, 2504, 2508, 2526, 2530, 2533, 2534, 2538, 2542, 2543, 2548, 2555, 2557, 2560, 2563, 2568, 2569, 2571, 2581, 2583, 2584, 2586, 2592, 2597, 2598, 2601, 2602, 2603, 2621, 2622, 2624, 2628, 2629, 2630, 2633, 2637, 2640, 2645, 2648, 2649, 2652, 2655, 2658, 2660, 2662, 2666, 2671, 2673, 2680, 2683, 2685, 2690, 2691, 2697, 2698, 2699, 2700, 2701, 2702, 2707, 2708, 2709, 2711, 2715, 2716, 2721, 2725, 2729, 2732, 2733, 2737, 2740, 2749, 2751, 2756, 2757, 2760, 2762, 2763, 2768, 2776, 2777, 2780, 2783, 2786, 2787, 2789, 2794, 2798, 2800, 2808, 2812, 2813, 2817, 2823, 2824, 2830, 2834, 2835, 2836, 2837, 2838, 2839, 2840, 2844, 2850, 2851, 2852, 2855, 2857, 2859, 2860, 2865, 2866, 2868, 2878, 2880, 2883, 2884, 2885, 2889, 2893, 2894, 2896, 2897, 2899, 2906, 2908, 2909, 2911, 2912, 2914, 2917, 2926, 2928, 2933, 2938, 2942, 2948, 2950, 2952, 2955, 2959, 2960, 2965, 2966, 2971, 2980, 2985, 2987, 2988, 2989, 2990, 2992, 2993, 2995, 2996, 2997, 3000, 3004, 3005, 3006, 3011, 3014, 3016, 3023, 3026, 3027, 3028, 3030, 3033, 3038, 3046, 3049, 3053, 3058, 3061, 3064, 3067, 3068, 3069, 3071, 3072, 3074, 3076, 3087, 3101, 3103, 3105, 3118, 3121, 3125, 3126, 3131, 3136, 3138, 3140, 3149, 3151, 3157, 3159, 3165, 3166, 3168, 3174, 3177, 3181, 3186, 3189, 3190, 3202, 3203, 3205, 3208, 3209, 3211, 3212, 3213, 3214, 3216, 3224, 3225, 3227, 3230, 3231, 3237, 3249, 3250, 3260, 3262, 3263, 3265, 3266, 3275, 3276, 3284, 3286, 3288, 3289, 3293, 3294, 3301, 3307, 3308, 3312, 3314, 3315, 3317, 3322, 3323, 3325, 3327, 3330, 3331, 3332, 3338, 3339, 3343, 3351, 3352, 3354, 3356, 3357, 3359, 3360, 3362, 3364, 3366, 3368, 3371, 3372, 3373, 3376, 3377, 3378, 3380, 3381, 3383, 3388, 3391, 3392, 3393, 3395, 3396, 3398, 3400, 3405, 3406, 3409, 3412, 3413, 3426, 3428, 3433, 3436, 3437, 3442, 3443, 3445, 3451, 3457, 3458, 3461, 3462, 3464, 3467, 3472, 3475, 3477, 3485, 3490, 3491, 3492, 3498, 3499, 3505, 3506, 3509, 3512, 3514, 3521, 3522, 3524, 3525, 3528, 3529, 3533, 3535, 3536, 3538, 3542, 3548, 3550, 3551, 3552, 3554, 3561, 3562, 3563, 3566, 3567, 3571, 3579, 3580, 3582, 3585, 3590, 3593, 3594, 3596, 3598, 3603, 3605, 3608, 3611, 3615, 3619, 3621, 3626, 3630, 3634, 3637, 3639, 3641, 3644, 3649, 3650, 3652, 3655, 3659, 3661, 3664, 3669, 3671, 3673, 3681, 3682, 3697, 3698, 3709, 3715, 3720, 3723, 3725, 3727, 3728, 3729, 3730, 3747, 3756, 3759, 3767, 3769, 3775, 3777, 3780, 3782, 3794, 3799, 3800, 3802, 3807, 3808, 3809, 3812, 3815, 3818, 3825, 3827, 3833, 3835, 3837, 3841, 3843, 3844, 3848, 3849, 3851, 3855, 3869, 3877, 3878, 3881, 3884, 3886, 3888, 3894, 3896, 3897, 3903, 3904, 3907, 3914, 3916, 3922, 3923, 3927, 3928, 3934, 3937, 3938, 3939, 3943, 3948, 3949, 3956, 3957, 3965, 3968, 3974, 3978, 3983, 3990, 3991, 3992, 3993, 3995, 3998, 4005, 4006, 4007, 4008, 4009, 4010, 4011, 4015, 4018, 4019, 4021, 4022, 4024, 4029, 4030, 4034, 4038, 4043, 4044, 4047, 4052, 4056, 4060, 4063, 4065, 4067, 4076, 4077, 4081, 4086, 4090, 4095, 4097, 4102, 4107, 4109, 4117, 4118, 4123, 4127, 4128, 4129, 4134, 4136, 4137, 4140, 4141, 4143, 4145, 4148, 4149, 4156, 4157, 4159, 4161, 4165, 4166, 4175, 4176, 4180, 4184, 4185, 4194, 4198, 4201, 4205, 4207, 4211, 4222, 4224, 4227, 4231, 4236, 4240, 4242, 4246, 4249, 4251, 4253, 4256, 4260, 4262, 4267, 4268, 4270, 4274, 4278, 4290, 4295, 4298, 4303, 4306, 4307, 4308, 4309, 4310, 4313, 4315, 4318, 4319, 4323, 4343, 4344, 4346, 4347, 4353, 4356, 4358, 4362, 4364, 4366, 4371, 4373, 4376, 4377, 4382, 4384, 4385, 4388, 4390, 4391, 4392, 4394, 4395, 4400, 4405, 4418, 4421, 4423, 4425, 4427, 4428, 4430, 4432, 4435, 4436, 4439, 4443, 4453, 4461, 4462, 4467, 4469, 4475, 4476, 4479, 4480, 4490, 4493, 4494, 4501, 4502, 4503, 4504, 4507, 4508, 4514, 4523, 4526, 4538, 4543, 4544, 4546, 4551, 4553, 4563, 4570, 4572, 4576, 4585, 4589, 4592, 4596, 4601, 4605, 4608, 4611, 4613, 4616, 4617, 4618, 4619, 4620, 4624, 4627, 4630, 4632, 4635, 4636, 4639, 4640, 4644, 4648, 4650, 4654, 4656, 4660, 4661, 4662, 4674, 4680, 4683, 4686, 4689, 4694, 4699, 4701, 4704, 4708, 4709, 4711, 4715, 4729, 4730, 4731, 4733, 4735, 4737, 4739, 4740, 4742, 4744, 4747, 4748, 4753, 4754, 4756, 4758, 4759, 4764, 4765, 4767, 4771, 4774, 4775, 4778, 4781, 4784, 4785, 4787, 4788, 4791, 4792, 4796, 4797, 4799, 4800, 4801, 4803, 4804, 4810, 4815, 4817, 4819, 4822, 4823, 4825, 4826, 4830, 4831, 4834, 4836, 4838, 4846, 4848, 4852, 4855, 4858, 4865, 4867, 4871, 4877, 4884, 4889, 4899, 4901, 4906, 4908, 4909, 4916, 4924, 4931, 4932, 4938, 4939, 4942, 4945, 4946, 4949, 4957, 4980, 4983, 4990, 4993, 4994, 4996, 4997, 4999, 5003, 5004, 5005, 5006, 5008, 5014, 5015, 5021, 5022, 5026, 5027, 5029, 5032, 5034, 5043, 5048, 5051, 5053, 5054, 5056, 5059, 5061, 5065, 5070, 5071, 5073, 5077, 5079, 5080, 5085, 5089, 5093, 5097, 5103, 5104, 5106, 5110, 5111, 5112, 5114, 5120, 5123, 5125, 5126, 5127, 5134, 5136, 5145, 5150, 5155, 5156, 5157, 5160, 5161, 5162, 5163, 5171, 5179, 5180, 5182, 5184, 5185, 5188, 5189, 5191, 5192, 5194, 5195, 5198, 5205, 5206, 5207, 5208, 5209, 5210, 5214, 5215, 5217, 5218, 5222, 5223, 5225, 5228, 5230, 5232, 5234, 5235, 5236, 5237, 5239, 5249, 5250, 5253, 5255, 5256, 5258, 5262, 5266, 5269, 5274, 5278, 5290, 5291, 5303, 5307, 5308, 5311, 5325, 5327, 5329, 5337, 5340, 5341, 5342, 5344, 5347, 5354, 5360, 5361, 5364, 5366, 5367, 5372, 5374, 5376, 5380, 5381, 5382, 5385, 5386, 5391, 5395, 5398, 5405, 5407, 5409, 5410, 5414, 5415, 5417, 5422, 5423, 5437, 5441, 5446, 5450, 5452, 5458, 5459, 5462, 5470, 5472, 5473, 5474, 5480, 5481, 5483, 5492, 5493, 5494, 5496, 5511, 5512, 5513, 5517, 5519, 5520, 5525, 5530, 5533, 5537, 5538, 5539, 5541, 5543, 5550, 5556, 5557, 5563, 5569, 5570, 5581, 5582, 5583, 5584, 5585, 5593, 5597, 5612, 5613, 5619, 5624, 5628, 5629, 5630, 5634, 5635, 5637, 5643, 5650, 5652, 5653, 5655, 5662, 5669, 5675, 5677, 5679, 5688, 5690, 5701, 5705, 5712, 5716, 5723, 5727, 5732, 5734, 5741, 5746, 5748, 5753, 5757, 5758, 5760, 5761, 5762, 5763, 5765, 5769, 5772, 5774, 5775, 5777, 5778, 5779, 5783, 5790, 5791, 5794, 5797, 5799, 5802, 5806, 5810, 5812, 5817, 5819, 5823, 5824, 5826, 5829, 5833, 5834, 5836, 5839, 5841, 5842, 5844, 5845, 5846, 5848, 5851, 5858, 5866, 5869, 5870, 5874, 5875, 5877, 5878, 5883, 5884, 5885, 5888, 5890, 5891, 5893, 5894, 5897, 5899, 5902, 5905, 5914, 5915, 5919, 5921, 5923, 5924, 5926, 5933, 5939, 5941, 5943, 5950, 5952, 5953, 5954, 5955, 5963, 5969, 5972, 5978, 5981, 5990, 5991, 5998, 5999, 6002, 6003, 6007, 6008, 6012, 6014, 6032, 6033, 6042, 6043, 6044, 6048, 6050, 6051, 6052, 6053, 6054, 6063, 6065, 6068, 6073, 6074, 6077, 6083, 6085, 6087, 6088, 6093, 6094, 6095, 6098, 6100, 6104, 6106, 6107, 6112, 6115, 6116, 6123, 6130, 6131, 6132, 6136, 6137, 6138, 6139, 6142, 6143, 6147, 6151, 6152, 6155, 6159, 6162, 6165, 6166, 6169, 6170, 6181, 6182, 6183, 6184, 6187, 6188, 6190, 6200, 6204, 6211, 6221, 6223, 6225, 6239, 6247, 6249, 6250, 6252, 6254, 6256, 6258, 6261, 6262, 6272, 6274, 6277, 6279, 6281, 6286, 6288, 6290, 6291, 6294, 6297, 6300, 6302, 6303, 6312, 6313, 6315, 6316, 6319, 6326, 6330, 6331, 6333, 6335, 6338, 6341, 6347, 6351, 6353, 6360, 6361, 6362, 6363, 6367, 6370, 6375, 6378, 6379, 6383, 6386, 6388, 6389, 6396, 6399, 6404, 6406, 6407, 6408, 6410, 6412, 6415, 6419, 6425, 6427, 6430, 6436, 6440, 6445, 6447, 6453, 6461, 6464, 6465, 6468, 6472, 6473, 6475, 6476, 6482, 6484, 6495, 6498, 6502, 6503, 6507, 6510, 6513, 6514, 6518, 6522, 6524, 6536, 6538, 6540, 6541, 6548, 6549, 6554, 6555, 6565, 6569, 6573, 6578, 6588, 6590, 6592, 6598, 6602, 6603, 6605, 6609, 6613, 6614, 6615, 6616, 6618, 6626, 6627, 6637, 6645, 6647, 6648, 6649, 6652, 6653, 6659, 6667, 6668, 6670, 6672, 6673, 6677, 6685, 6687, 6688, 6689, 6691, 6700, 6702, 6706, 6713, 6721, 6722, 6726, 6727, 6728, 6730, 6734, 6740, 6742, 6743, 6744, 6752, 6754, 6756, 6757, 6763, 6764, 6766, 6771, 6774, 6779, 6780, 6791, 6793, 6794, 6796, 6797, 6799, 6802, 6803, 6811, 6812, 6816, 6818, 6825, 6831, 6833, 6839, 6842, 6843, 6846, 6847, 6851, 6854, 6856, 6859, 6861, 6862, 6863, 6868, 6870, 6881, 6884, 6885, 6887, 6889, 6891, 6892, 6893, 6897, 6901, 6904, 6906, 6911, 6912, 6913, 6914, 6915, 6924, 6925, 6926, 6931, 6934, 6940, 6945, 6946, 6947, 6955, 6956, 6962, 6974, 6977, 6978, 6982, 6994, 7000, 7005, 7007, 7008, 7009, 7012, 7015, 7031, 7036, 7039, 7040, 7045, 7050, 7051, 7054, 7056, 7058, 7059, 7062, 7063, 7064, 7065, 7071, 7074, 7076, 7078, 7084, 7085, 7087, 7089, 7094, 7095, 7098, 7100, 7101, 7113, 7114, 7124, 7127, 7128, 7130, 7131, 7132, 7137, 7140, 7141, 7147, 7149, 7154, 7157, 7164, 7173, 7175, 7178, 7183, 7184, 7194, 7197, 7198, 7209, 7212, 7213, 7215, 7218, 7219, 7220, 7226, 7227, 7231, 7232, 7233, 7235, 7236, 7237, 7238, 7247, 7248, 7249, 7254, 7260, 7262, 7263, 7264, 7266, 7270, 7273, 7279, 7281, 7283, 7289, 7293, 7298, 7301, 7304, 7307, 7310, 7315, 7316, 7318, 7329, 7334, 7335, 7343, 7346, 7347, 7348, 7349, 7350, 7352, 7353, 7356, 7361, 7364, 7365, 7366, 7367, 7369, 7370, 7378, 7380, 7381, 7385, 7392, 7393, 7394, 7398, 7402, 7405, 7411, 7416, 7417, 7421, 7426, 7429, 7430, 7431, 7432, 7436, 7440, 7449, 7450, 7462, 7463, 7468, 7479, 7480, 7481, 7482, 7483, 7490, 7494, 7496, 7499]

  ● Bandwidth: 0.0625 MHz  [ANOMALY] (异常! 差值: -0.1875)
    Count: 853 files
    IDs: [10, 27, 68, 76, 80, 86, 114, 124, 132, 136, 150, 163, 176, 178, 186, 194, 200, 207, 214, 218, 225, 242, 244, 249, 282, 290, 314, 332, 336, 351, 371, 379, 382, 385, 393, 394, 414, 427, 428, 432, 461, 464, 476, 485, 505, 517, 562, 577, 578, 597, 606, 612, 616, 617, 622, 643, 663, 667, 670, 676, 677, 686, 694, 708, 710, 738, 751, 760, 769, 779, 781, 789, 838, 876, 882, 884, 891, 892, 899, 900, 902, 918, 931, 933, 946, 951, 954, 955, 962, 971, 973, 975, 979, 990, 994, 995, 998, 1004, 1011, 1030, 1038, 1052, 1074, 1083, 1088, 1119, 1140, 1141, 1148, 1150, 1167, 1174, 1177, 1188, 1195, 1198, 1199, 1200, 1210, 1214, 1222, 1227, 1246, 1248, 1253, 1255, 1262, 1281, 1285, 1295, 1298, 1302, 1304, 1308, 1312, 1341, 1344, 1351, 1357, 1359, 1375, 1378, 1383, 1399, 1405, 1416, 1420, 1425, 1429, 1449, 1467, 1477, 1496, 1498, 1499, 1545, 1559, 1589, 1595, 1603, 1654, 1655, 1670, 1683, 1684, 1688, 1697, 1712, 1714, 1731, 1744, 1756, 1757, 1771, 1776, 1813, 1821, 1831, 1833, 1847, 1848, 1851, 1854, 1859, 1867, 1869, 1881, 1883, 1892, 1910, 1919, 1940, 1947, 1948, 1952, 1979, 1980, 1999, 2002, 2008, 2025, 2026, 2035, 2043, 2054, 2055, 2080, 2085, 2087, 2131, 2133, 2137, 2139, 2170, 2173, 2185, 2186, 2200, 2201, 2210, 2211, 2226, 2232, 2233, 2236, 2254, 2257, 2287, 2302, 2307, 2311, 2324, 2345, 2348, 2360, 2361, 2367, 2368, 2380, 2384, 2386, 2387, 2391, 2398, 2408, 2431, 2432, 2438, 2445, 2446, 2448, 2450, 2452, 2459, 2471, 2475, 2476, 2480, 2489, 2492, 2496, 2502, 2517, 2539, 2540, 2547, 2553, 2555, 2559, 2573, 2579, 2597, 2602, 2606, 2607, 2613, 2640, 2654, 2659, 2661, 2674, 2677, 2681, 2720, 2723, 2729, 2730, 2742, 2760, 2761, 2766, 2767, 2772, 2774, 2782, 2794, 2795, 2800, 2801, 2809, 2817, 2822, 2828, 2834, 2839, 2856, 2861, 2889, 2897, 2904, 2927, 2954, 2956, 2958, 2967, 2970, 2976, 2978, 2997, 3001, 3003, 3022, 3042, 3045, 3062, 3071, 3100, 3107, 3112, 3113, 3117, 3120, 3123, 3127, 3135, 3138, 3143, 3146, 3148, 3159, 3163, 3165, 3167, 3170, 3188, 3189, 3207, 3220, 3237, 3255, 3267, 3279, 3285, 3298, 3311, 3342, 3356, 3367, 3371, 3374, 3375, 3379, 3390, 3392, 3422, 3439, 3445, 3465, 3477, 3497, 3503, 3504, 3511, 3518, 3521, 3529, 3530, 3555, 3556, 3557, 3563, 3581, 3593, 3596, 3598, 3600, 3607, 3615, 3620, 3634, 3636, 3640, 3677, 3688, 3689, 3691, 3692, 3693, 3729, 3749, 3764, 3765, 3768, 3786, 3801, 3802, 3808, 3811, 3820, 3839, 3844, 3851, 3853, 3862, 3871, 3893, 3897, 3915, 3917, 3918, 3924, 3925, 3929, 3939, 3943, 3953, 3959, 3964, 3967, 3981, 3988, 3990, 3991, 3998, 4008, 4021, 4024, 4029, 4033, 4048, 4065, 4075, 4083, 4092, 4095, 4100, 4105, 4106, 4108, 4125, 4129, 4130, 4134, 4137, 4147, 4179, 4180, 4197, 4199, 4203, 4209, 4213, 4220, 4224, 4228, 4229, 4231, 4235, 4242, 4249, 4256, 4272, 4290, 4299, 4300, 4302, 4325, 4337, 4344, 4357, 4367, 4373, 4378, 4380, 4382, 4383, 4384, 4386, 4391, 4423, 4426, 4428, 4435, 4436, 4438, 4439, 4441, 4444, 4466, 4477, 4481, 4484, 4487, 4494, 4505, 4512, 4522, 4523, 4565, 4568, 4581, 4582, 4595, 4601, 4603, 4606, 4609, 4620, 4623, 4639, 4647, 4650, 4651, 4655, 4664, 4684, 4685, 4689, 4700, 4706, 4712, 4721, 4732, 4741, 4750, 4766, 4770, 4787, 4791, 4800, 4804, 4822, 4847, 4853, 4856, 4866, 4867, 4885, 4891, 4899, 4900, 4934, 4936, 4939, 4943, 4944, 4946, 4947, 4951, 4955, 4956, 4972, 4981, 5002, 5017, 5022, 5025, 5029, 5030, 5033, 5047, 5057, 5061, 5062, 5079, 5089, 5098, 5104, 5134, 5159, 5169, 5214, 5220, 5243, 5256, 5272, 5275, 5279, 5282, 5287, 5302, 5311, 5316, 5318, 5330, 5335, 5341, 5342, 5351, 5371, 5388, 5397, 5399, 5402, 5405, 5408, 5425, 5427, 5429, 5433, 5437, 5441, 5442, 5446, 5461, 5463, 5474, 5482, 5502, 5509, 5520, 5529, 5532, 5537, 5545, 5569, 5574, 5578, 5613, 5616, 5621, 5636, 5640, 5659, 5669, 5670, 5671, 5675, 5700, 5706, 5710, 5718, 5733, 5750, 5784, 5790, 5791, 5803, 5822, 5867, 5874, 5875, 5886, 5892, 5899, 5904, 5906, 5915, 5923, 5954, 5956, 5974, 5990, 5999, 6002, 6015, 6023, 6046, 6060, 6070, 6071, 6073, 6074, 6076, 6081, 6093, 6097, 6106, 6108, 6125, 6127, 6134, 6142, 6152, 6154, 6163, 6172, 6174, 6181, 6185, 6191, 6206, 6212, 6214, 6221, 6232, 6243, 6260, 6268, 6272, 6278, 6286, 6292, 6307, 6308, 6314, 6315, 6316, 6319, 6322, 6323, 6326, 6330, 6336, 6358, 6373, 6376, 6382, 6386, 6402, 6403, 6409, 6410, 6417, 6425, 6432, 6435, 6450, 6469, 6475, 6483, 6485, 6488, 6497, 6501, 6504, 6510, 6516, 6517, 6545, 6546, 6555, 6563, 6588, 6600, 6605, 6625, 6633, 6637, 6659, 6663, 6671, 6682, 6718, 6728, 6735, 6741, 6743, 6755, 6759, 6764, 6775, 6783, 6785, 6787, 6788, 6789, 6804, 6811, 6814, 6822, 6831, 6832, 6833, 6853, 6855, 6856, 6857, 6868, 6869, 6870, 6874, 6886, 6904, 6909, 6922, 6926, 6939, 6941, 6963, 6984, 6987, 6990, 6991, 6992, 7001, 7027, 7063, 7082, 7085, 7089, 7095, 7097, 7099, 7116, 7117, 7118, 7122, 7127, 7147, 7152, 7154, 7162, 7175, 7188, 7196, 7199, 7219, 7236, 7246, 7260, 7263, 7267, 7270, 7287, 7289, 7290, 7303, 7312, 7317, 7324, 7329, 7346, 7352, 7355, 7360, 7363, 7373, 7387, 7389, 7405, 7421, 7439, 7456, 7460, 7464, 7472, 7480, 7483, 7484, 7487, 7492, 7499]

  ● Bandwidth: 0.25 MHz  [STANDARD] (标准)
    Count: 2827 files
    IDs: [0, 1, 3, 7, 9, 10, 11, 13, 15, 19, 20, 21, 22, 23, 24, 26, 31, 32, 35, 37, 39, 44, 45, 51, 52, 53, 54, 55, 59, 60, 63, 64, 67, 70, 71, 72, 73, 75, 76, 79, 80, 81, 82, 85, 88, 90, 91, 92, 94, 95, 97, 98, 103, 106, 107, 110, 111, 112, 113, 115, 117, 118, 121, 129, 131, 133, 145, 147, 148, 152, 154, 155, 156, 158, 159, 160, 162, 166, 171, 173, 174, 176, 178, 179, 180, 181, 194, 196, 201, 204, 205, 206, 209, 213, 217, 221, 230, 231, 232, 234, 235, 240, 241, 242, 245, 246, 251, 252, 255, 259, 262, 264, 266, 269, 272, 276, 278, 279, 280, 282, 284, 285, 288, 296, 300, 304, 307, 308, 318, 324, 325, 326, 328, 330, 331, 333, 335, 339, 341, 343, 345, 346, 350, 356, 357, 358, 359, 363, 364, 369, 371, 372, 374, 389, 390, 392, 393, 394, 395, 397, 398, 400, 403, 409, 412, 414, 415, 416, 419, 423, 427, 428, 429, 430, 435, 440, 441, 442, 449, 450, 451, 457, 459, 461, 462, 465, 466, 467, 469, 470, 471, 472, 474, 477, 489, 490, 494, 496, 501, 502, 506, 508, 511, 513, 529, 530, 534, 538, 540, 541, 549, 551, 553, 554, 555, 559, 561, 562, 563, 568, 569, 573, 575, 578, 579, 587, 588, 589, 592, 593, 594, 595, 597, 598, 600, 614, 615, 617, 618, 622, 623, 625, 627, 630, 633, 635, 638, 641, 642, 643, 645, 648, 649, 654, 655, 656, 658, 662, 663, 664, 668, 669, 673, 675, 677, 681, 683, 687, 690, 691, 692, 699, 700, 701, 704, 706, 707, 709, 713, 715, 716, 717, 718, 719, 726, 728, 729, 732, 733, 734, 737, 744, 745, 748, 751, 754, 756, 758, 761, 763, 765, 772, 777, 778, 779, 780, 781, 782, 783, 785, 787, 788, 789, 792, 793, 796, 800, 801, 802, 806, 807, 809, 810, 811, 813, 818, 819, 821, 823, 827, 828, 830, 835, 840, 842, 846, 851, 853, 855, 856, 859, 860, 863, 864, 865, 871, 872, 873, 876, 880, 883, 884, 888, 889, 891, 896, 897, 903, 905, 909, 910, 914, 921, 923, 924, 927, 931, 935, 938, 941, 946, 948, 949, 954, 956, 961, 964, 966, 970, 972, 974, 976, 977, 980, 981, 984, 995, 999, 1001, 1002, 1004, 1005, 1006, 1007, 1009, 1014, 1016, 1018, 1020, 1022, 1025, 1026, 1027, 1028, 1030, 1032, 1034, 1035, 1037, 1043, 1044, 1047, 1048, 1049, 1050, 1055, 1058, 1063, 1066, 1067, 1069, 1071, 1074, 1079, 1080, 1081, 1083, 1088, 1090, 1092, 1093, 1094, 1098, 1100, 1102, 1103, 1105, 1110, 1118, 1122, 1128, 1129, 1130, 1132, 1134, 1136, 1139, 1140, 1142, 1143, 1147, 1151, 1152, 1153, 1154, 1162, 1164, 1171, 1172, 1173, 1174, 1179, 1180, 1181, 1182, 1185, 1187, 1188, 1192, 1194, 1195, 1196, 1199, 1200, 1202, 1204, 1209, 1220, 1222, 1228, 1229, 1231, 1234, 1236, 1239, 1246, 1250, 1252, 1253, 1258, 1262, 1265, 1274, 1276, 1278, 1285, 1288, 1291, 1296, 1298, 1300, 1301, 1302, 1305, 1308, 1309, 1310, 1311, 1317, 1319, 1320, 1327, 1341, 1349, 1350, 1354, 1355, 1356, 1358, 1359, 1363, 1365, 1370, 1371, 1373, 1378, 1379, 1387, 1388, 1395, 1401, 1404, 1410, 1412, 1413, 1414, 1416, 1417, 1418, 1419, 1420, 1421, 1422, 1424, 1425, 1426, 1428, 1432, 1434, 1435, 1437, 1440, 1444, 1448, 1449, 1452, 1453, 1455, 1457, 1461, 1464, 1468, 1469, 1472, 1474, 1476, 1477, 1479, 1489, 1490, 1493, 1494, 1495, 1496, 1499, 1500, 1502, 1507, 1509, 1517, 1518, 1520, 1524, 1525, 1526, 1533, 1534, 1537, 1539, 1540, 1544, 1545, 1548, 1549, 1550, 1554, 1555, 1556, 1559, 1561, 1562, 1564, 1568, 1571, 1572, 1576, 1577, 1578, 1580, 1582, 1584, 1590, 1592, 1601, 1607, 1615, 1618, 1621, 1623, 1627, 1631, 1633, 1635, 1637, 1638, 1639, 1641, 1643, 1644, 1645, 1646, 1647, 1649, 1650, 1654, 1656, 1657, 1667, 1669, 1671, 1674, 1675, 1680, 1683, 1684, 1688, 1689, 1691, 1694, 1696, 1697, 1698, 1700, 1702, 1703, 1705, 1706, 1713, 1714, 1715, 1717, 1720, 1722, 1732, 1733, 1735, 1736, 1740, 1741, 1752, 1753, 1754, 1755, 1756, 1759, 1760, 1761, 1763, 1764, 1768, 1769, 1771, 1772, 1775, 1778, 1782, 1783, 1789, 1790, 1791, 1796, 1802, 1805, 1806, 1808, 1811, 1813, 1814, 1815, 1816, 1818, 1821, 1824, 1825, 1830, 1832, 1833, 1836, 1839, 1840, 1841, 1843, 1850, 1851, 1856, 1859, 1862, 1864, 1868, 1869, 1871, 1874, 1875, 1878, 1879, 1883, 1884, 1887, 1901, 1905, 1906, 1908, 1914, 1916, 1918, 1919, 1920, 1922, 1933, 1935, 1937, 1939, 1941, 1943, 1948, 1949, 1951, 1955, 1958, 1961, 1962, 1963, 1964, 1965, 1966, 1970, 1971, 1976, 1977, 1978, 1980, 1983, 1986, 1995, 1997, 2001, 2005, 2010, 2011, 2015, 2021, 2023, 2025, 2028, 2029, 2031, 2033, 2038, 2041, 2043, 2044, 2052, 2056, 2058, 2065, 2069, 2071, 2075, 2077, 2079, 2082, 2083, 2086, 2087, 2090, 2096, 2098, 2102, 2103, 2104, 2108, 2112, 2113, 2117, 2118, 2119, 2122, 2132, 2134, 2140, 2142, 2156, 2160, 2168, 2170, 2171, 2183, 2185, 2186, 2194, 2196, 2199, 2200, 2202, 2203, 2205, 2206, 2213, 2214, 2216, 2219, 2220, 2223, 2226, 2227, 2231, 2233, 2235, 2240, 2243, 2248, 2250, 2251, 2253, 2256, 2259, 2261, 2267, 2269, 2270, 2271, 2276, 2277, 2285, 2286, 2287, 2291, 2294, 2295, 2296, 2297, 2298, 2300, 2307, 2308, 2312, 2313, 2314, 2317, 2319, 2325, 2330, 2337, 2338, 2341, 2344, 2348, 2350, 2351, 2354, 2355, 2356, 2360, 2362, 2365, 2372, 2379, 2380, 2382, 2385, 2387, 2388, 2393, 2394, 2395, 2398, 2402, 2405, 2407, 2408, 2414, 2426, 2433, 2435, 2441, 2442, 2453, 2455, 2456, 2457, 2459, 2461, 2466, 2467, 2468, 2469, 2471, 2480, 2484, 2486, 2488, 2489, 2492, 2493, 2498, 2499, 2501, 2502, 2505, 2508, 2509, 2510, 2512, 2513, 2516, 2520, 2521, 2522, 2523, 2525, 2539, 2542, 2543, 2544, 2546, 2547, 2548, 2549, 2551, 2552, 2559, 2561, 2562, 2564, 2566, 2567, 2569, 2570, 2572, 2575, 2576, 2577, 2579, 2580, 2583, 2585, 2588, 2589, 2590, 2592, 2595, 2596, 2597, 2599, 2602, 2605, 2606, 2607, 2609, 2611, 2613, 2614, 2616, 2619, 2623, 2625, 2634, 2635, 2638, 2640, 2643, 2644, 2646, 2649, 2651, 2652, 2656, 2657, 2658, 2665, 2666, 2667, 2671, 2674, 2676, 2678, 2679, 2681, 2683, 2684, 2685, 2686, 2697, 2699, 2705, 2706, 2713, 2714, 2715, 2718, 2719, 2720, 2723, 2726, 2730, 2733, 2742, 2744, 2745, 2746, 2748, 2749, 2751, 2753, 2758, 2759, 2760, 2761, 2762, 2763, 2765, 2766, 2767, 2770, 2772, 2780, 2784, 2785, 2789, 2791, 2792, 2797, 2798, 2800, 2801, 2802, 2807, 2813, 2814, 2815, 2822, 2828, 2829, 2830, 2831, 2839, 2840, 2841, 2842, 2844, 2847, 2848, 2849, 2852, 2854, 2860, 2861, 2863, 2866, 2867, 2869, 2871, 2872, 2874, 2878, 2880, 2881, 2882, 2883, 2884, 2889, 2890, 2892, 2901, 2904, 2907, 2909, 2915, 2918, 2919, 2924, 2928, 2932, 2933, 2935, 2938, 2939, 2942, 2943, 2945, 2950, 2954, 2957, 2958, 2961, 2962, 2964, 2966, 2970, 2972, 2974, 2979, 2987, 2988, 2997, 2999, 3000, 3003, 3010, 3011, 3012, 3013, 3016, 3018, 3019, 3021, 3023, 3027, 3028, 3030, 3031, 3032, 3033, 3037, 3038, 3040, 3041, 3042, 3045, 3046, 3047, 3048, 3050, 3059, 3060, 3062, 3064, 3065, 3070, 3071, 3072, 3079, 3083, 3084, 3086, 3087, 3089, 3090, 3091, 3093, 3094, 3096, 3097, 3098, 3100, 3103, 3104, 3105, 3110, 3112, 3113, 3116, 3122, 3123, 3127, 3132, 3134, 3135, 3137, 3138, 3142, 3145, 3146, 3148, 3150, 3152, 3153, 3155, 3158, 3165, 3167, 3168, 3170, 3184, 3187, 3190, 3192, 3196, 3198, 3200, 3206, 3208, 3210, 3213, 3215, 3216, 3220, 3224, 3227, 3230, 3232, 3234, 3237, 3240, 3241, 3242, 3247, 3248, 3250, 3251, 3257, 3267, 3272, 3276, 3277, 3280, 3282, 3284, 3287, 3290, 3291, 3292, 3299, 3300, 3302, 3303, 3307, 3308, 3311, 3312, 3316, 3318, 3321, 3325, 3326, 3327, 3328, 3329, 3330, 3334, 3336, 3339, 3341, 3342, 3344, 3345, 3348, 3349, 3354, 3358, 3359, 3363, 3367, 3368, 3370, 3373, 3377, 3380, 3381, 3383, 3384, 3389, 3390, 3395, 3398, 3402, 3405, 3409, 3410, 3413, 3415, 3416, 3419, 3420, 3421, 3422, 3423, 3425, 3427, 3428, 3429, 3431, 3433, 3440, 3443, 3449, 3450, 3454, 3455, 3457, 3458, 3461, 3464, 3465, 3466, 3469, 3472, 3473, 3475, 3476, 3477, 3479, 3480, 3481, 3483, 3484, 3485, 3487, 3491, 3493, 3494, 3498, 3499, 3500, 3501, 3503, 3507, 3509, 3511, 3512, 3513, 3515, 3517, 3521, 3522, 3523, 3525, 3526, 3528, 3530, 3531, 3533, 3535, 3536, 3537, 3540, 3542, 3546, 3550, 3553, 3554, 3556, 3557, 3559, 3562, 3563, 3565, 3576, 3579, 3580, 3582, 3584, 3591, 3593, 3594, 3595, 3603, 3605, 3608, 3609, 3610, 3614, 3616, 3617, 3618, 3619, 3621, 3622, 3625, 3626, 3631, 3633, 3634, 3636, 3642, 3646, 3647, 3649, 3654, 3655, 3658, 3659, 3671, 3677, 3679, 3682, 3689, 3692, 3696, 3697, 3699, 3702, 3705, 3707, 3708, 3713, 3714, 3715, 3718, 3719, 3724, 3725, 3733, 3734, 3736, 3742, 3743, 3746, 3747, 3748, 3749, 3750, 3751, 3754, 3758, 3759, 3765, 3768, 3773, 3780, 3781, 3784, 3785, 3786, 3789, 3792, 3802, 3804, 3807, 3809, 3810, 3812, 3813, 3814, 3815, 3816, 3817, 3820, 3821, 3824, 3825, 3826, 3828, 3830, 3831, 3833, 3837, 3838, 3839, 3843, 3845, 3848, 3851, 3852, 3858, 3860, 3862, 3863, 3865, 3869, 3873, 3876, 3877, 3885, 3887, 3890, 3892, 3904, 3905, 3908, 3910, 3913, 3914, 3915, 3917, 3918, 3919, 3921, 3922, 3923, 3924, 3926, 3930, 3933, 3937, 3938, 3940, 3946, 3948, 3952, 3957, 3959, 3960, 3966, 3969, 3971, 3974, 3976, 3978, 3980, 3981, 3985, 3987, 3988, 3989, 3991, 3992, 3995, 3997, 3998, 4000, 4001, 4005, 4006, 4007, 4011, 4012, 4020, 4022, 4023, 4024, 4026, 4027, 4028, 4030, 4032, 4034, 4035, 4038, 4041, 4046, 4049, 4050, 4052, 4053, 4056, 4058, 4063, 4064, 4067, 4072, 4075, 4076, 4077, 4081, 4082, 4083, 4085, 4090, 4091, 4096, 4097, 4098, 4099, 4104, 4106, 4107, 4109, 4113, 4114, 4116, 4118, 4119, 4122, 4123, 4128, 4133, 4136, 4144, 4146, 4147, 4149, 4151, 4157, 4160, 4163, 4169, 4170, 4180, 4183, 4185, 4197, 4198, 4200, 4201, 4202, 4205, 4206, 4208, 4210, 4214, 4218, 4219, 4222, 4225, 4228, 4229, 4230, 4231, 4235, 4238, 4241, 4244, 4248, 4249, 4250, 4255, 4257, 4264, 4266, 4267, 4270, 4274, 4276, 4279, 4283, 4285, 4286, 4287, 4292, 4293, 4299, 4300, 4308, 4309, 4310, 4313, 4317, 4319, 4320, 4321, 4325, 4326, 4327, 4329, 4331, 4334, 4336, 4338, 4339, 4342, 4346, 4349, 4351, 4352, 4355, 4356, 4358, 4359, 4367, 4369, 4371, 4373, 4377, 4380, 4381, 4383, 4385, 4386, 4390, 4400, 4401, 4402, 4405, 4408, 4420, 4424, 4430, 4433, 4436, 4437, 4438, 4441, 4443, 4447, 4450, 4455, 4456, 4460, 4461, 4462, 4463, 4469, 4472, 4481, 4482, 4484, 4486, 4489, 4497, 4501, 4503, 4507, 4508, 4513, 4514, 4518, 4519, 4524, 4527, 4529, 4535, 4539, 4541, 4545, 4557, 4558, 4560, 4562, 4566, 4569, 4570, 4571, 4578, 4580, 4581, 4582, 4583, 4585, 4592, 4594, 4595, 4596, 4599, 4600, 4603, 4604, 4609, 4611, 4616, 4617, 4619, 4621, 4623, 4624, 4625, 4627, 4628, 4629, 4632, 4635, 4638, 4644, 4646, 4649, 4654, 4658, 4659, 4660, 4661, 4662, 4665, 4666, 4669, 4673, 4677, 4679, 4681, 4682, 4684, 4685, 4689, 4690, 4695, 4696, 4697, 4700, 4703, 4704, 4707, 4709, 4712, 4713, 4714, 4716, 4723, 4727, 4728, 4729, 4730, 4732, 4733, 4734, 4735, 4737, 4741, 4742, 4746, 4750, 4755, 4756, 4759, 4764, 4766, 4768, 4769, 4771, 4775, 4777, 4779, 4781, 4783, 4786, 4787, 4788, 4790, 4791, 4792, 4796, 4802, 4805, 4807, 4809, 4810, 4811, 4813, 4821, 4822, 4823, 4825, 4826, 4827, 4828, 4833, 4834, 4836, 4838, 4840, 4841, 4842, 4843, 4847, 4848, 4852, 4854, 4856, 4861, 4864, 4865, 4866, 4869, 4875, 4878, 4881, 4882, 4884, 4889, 4890, 4891, 4895, 4896, 4903, 4904, 4909, 4912, 4913, 4915, 4916, 4921, 4934, 4939, 4940, 4941, 4943, 4945, 4951, 4952, 4956, 4957, 4961, 4962, 4963, 4964, 4969, 4970, 4973, 4974, 4975, 4976, 4978, 4983, 4984, 4985, 4986, 4987, 4988, 4990, 4992, 4993, 4995, 5000, 5001, 5005, 5006, 5007, 5013, 5016, 5021, 5023, 5038, 5039, 5043, 5046, 5053, 5055, 5057, 5058, 5059, 5061, 5064, 5067, 5072, 5073, 5075, 5076, 5079, 5082, 5084, 5086, 5087, 5088, 5093, 5099, 5103, 5108, 5110, 5112, 5113, 5114, 5116, 5117, 5118, 5119, 5123, 5125, 5127, 5129, 5134, 5136, 5137, 5138, 5139, 5140, 5149, 5150, 5151, 5159, 5164, 5166, 5168, 5169, 5170, 5171, 5172, 5173, 5174, 5176, 5178, 5182, 5183, 5185, 5187, 5192, 5194, 5196, 5199, 5200, 5203, 5207, 5208, 5209, 5210, 5214, 5215, 5217, 5219, 5220, 5221, 5229, 5232, 5233, 5235, 5240, 5243, 5244, 5245, 5250, 5254, 5256, 5258, 5267, 5274, 5276, 5280, 5281, 5282, 5287, 5289, 5291, 5292, 5295, 5296, 5297, 5300, 5301, 5306, 5307, 5309, 5312, 5315, 5321, 5323, 5328, 5331, 5334, 5337, 5338, 5339, 5340, 5341, 5342, 5346, 5351, 5353, 5355, 5359, 5364, 5367, 5370, 5372, 5374, 5375, 5383, 5386, 5387, 5388, 5391, 5392, 5394, 5395, 5396, 5398, 5399, 5400, 5401, 5402, 5403, 5405, 5407, 5409, 5411, 5414, 5415, 5428, 5430, 5431, 5432, 5435, 5436, 5437, 5439, 5441, 5444, 5445, 5447, 5448, 5449, 5453, 5455, 5457, 5460, 5466, 5470, 5473, 5474, 5476, 5478, 5484, 5488, 5494, 5496, 5497, 5498, 5509, 5513, 5519, 5520, 5524, 5527, 5528, 5532, 5534, 5536, 5539, 5540, 5542, 5549, 5550, 5551, 5552, 5553, 5561, 5563, 5566, 5571, 5572, 5580, 5584, 5585, 5586, 5589, 5596, 5599, 5603, 5604, 5605, 5607, 5610, 5614, 5619, 5621, 5625, 5627, 5629, 5635, 5636, 5640, 5644, 5645, 5646, 5647, 5652, 5653, 5656, 5657, 5658, 5659, 5660, 5662, 5663, 5665, 5666, 5668, 5669, 5676, 5679, 5680, 5682, 5687, 5690, 5692, 5698, 5705, 5706, 5709, 5713, 5715, 5719, 5722, 5723, 5724, 5726, 5729, 5733, 5735, 5736, 5739, 5740, 5741, 5744, 5752, 5754, 5755, 5759, 5760, 5761, 5763, 5767, 5768, 5769, 5771, 5774, 5776, 5779, 5780, 5783, 5788, 5789, 5792, 5793, 5796, 5797, 5800, 5803, 5806, 5807, 5814, 5815, 5817, 5819, 5824, 5830, 5838, 5840, 5843, 5848, 5849, 5852, 5856, 5857, 5858, 5861, 5862, 5864, 5866, 5867, 5870, 5873, 5877, 5878, 5879, 5892, 5893, 5896, 5897, 5898, 5903, 5904, 5905, 5910, 5921, 5924, 5929, 5931, 5933, 5934, 5941, 5948, 5949, 5950, 5951, 5952, 5955, 5961, 5963, 5965, 5966, 5967, 5968, 5970, 5975, 5976, 5983, 5985, 5986, 5987, 5989, 5990, 5991, 5994, 5997, 6003, 6004, 6008, 6009, 6010, 6012, 6013, 6014, 6017, 6020, 6021, 6024, 6029, 6030, 6031, 6033, 6035, 6036, 6040, 6046, 6049, 6052, 6054, 6055, 6058, 6060, 6061, 6063, 6065, 6067, 6081, 6082, 6083, 6086, 6093, 6094, 6101, 6102, 6108, 6110, 6111, 6112, 6118, 6119, 6120, 6122, 6123, 6124, 6125, 6126, 6127, 6135, 6137, 6138, 6141, 6150, 6156, 6158, 6159, 6161, 6164, 6167, 6168, 6170, 6172, 6173, 6175, 6176, 6177, 6179, 6182, 6184, 6185, 6186, 6190, 6193, 6194, 6197, 6202, 6208, 6209, 6211, 6217, 6219, 6220, 6222, 6225, 6226, 6227, 6233, 6240, 6241, 6243, 6247, 6248, 6249, 6250, 6254, 6259, 6261, 6267, 6269, 6274, 6275, 6276, 6279, 6281, 6286, 6290, 6292, 6294, 6295, 6296, 6297, 6301, 6302, 6303, 6305, 6310, 6311, 6312, 6313, 6314, 6318, 6320, 6323, 6327, 6328, 6332, 6339, 6344, 6347, 6349, 6350, 6352, 6353, 6355, 6357, 6359, 6361, 6362, 6364, 6366, 6367, 6368, 6370, 6375, 6377, 6378, 6384, 6386, 6389, 6390, 6391, 6397, 6401, 6403, 6404, 6405, 6408, 6409, 6413, 6414, 6415, 6419, 6423, 6431, 6436, 6438, 6445, 6449, 6453, 6466, 6467, 6471, 6472, 6473, 6476, 6481, 6483, 6484, 6487, 6493, 6494, 6495, 6498, 6501, 6512, 6513, 6514, 6515, 6516, 6517, 6522, 6525, 6526, 6527, 6532, 6536, 6538, 6539, 6540, 6541, 6543, 6544, 6553, 6555, 6556, 6557, 6558, 6559, 6560, 6562, 6564, 6568, 6570, 6571, 6572, 6574, 6575, 6577, 6579, 6586, 6587, 6590, 6593, 6594, 6602, 6607, 6610, 6613, 6626, 6630, 6633, 6636, 6640, 6644, 6648, 6653, 6655, 6659, 6661, 6667, 6672, 6674, 6676, 6677, 6679, 6681, 6683, 6684, 6685, 6688, 6689, 6690, 6692, 6693, 6697, 6698, 6700, 6706, 6709, 6714, 6716, 6719, 6720, 6721, 6722, 6725, 6726, 6728, 6729, 6731, 6735, 6742, 6743, 6745, 6750, 6756, 6758, 6760, 6762, 6764, 6765, 6770, 6771, 6772, 6775, 6781, 6786, 6787, 6794, 6795, 6802, 6811, 6819, 6820, 6821, 6822, 6825, 6828, 6834, 6838, 6840, 6842, 6843, 6845, 6850, 6855, 6860, 6865, 6873, 6881, 6883, 6886, 6888, 6889, 6890, 6891, 6892, 6894, 6895, 6899, 6903, 6907, 6912, 6913, 6914, 6921, 6922, 6926, 6931, 6934, 6936, 6938, 6939, 6940, 6941, 6943, 6949, 6952, 6958, 6963, 6965, 6966, 6969, 6975, 6982, 6984, 6987, 6990, 6991, 6993, 6995, 6996, 6997, 6998, 7001, 7003, 7007, 7009, 7011, 7012, 7015, 7020, 7021, 7024, 7028, 7031, 7032, 7035, 7038, 7042, 7044, 7046, 7047, 7048, 7049, 7050, 7055, 7056, 7059, 7064, 7066, 7069, 7076, 7078, 7079, 7081, 7083, 7084, 7089, 7093, 7094, 7097, 7099, 7102, 7106, 7112, 7114, 7115, 7116, 7117, 7128, 7129, 7131, 7137, 7140, 7143, 7145, 7147, 7148, 7150, 7153, 7158, 7160, 7162, 7165, 7167, 7173, 7181, 7182, 7187, 7192, 7194, 7196, 7198, 7201, 7202, 7206, 7207, 7208, 7209, 7210, 7211, 7212, 7213, 7215, 7216, 7222, 7223, 7225, 7227, 7229, 7230, 7232, 7236, 7237, 7242, 7247, 7252, 7253, 7256, 7257, 7259, 7260, 7261, 7263, 7264, 7269, 7273, 7274, 7277, 7279, 7281, 7282, 7283, 7284, 7285, 7286, 7293, 7294, 7295, 7297, 7298, 7299, 7300, 7304, 7307, 7310, 7311, 7313, 7315, 7317, 7326, 7328, 7334, 7338, 7341, 7342, 7344, 7347, 7348, 7349, 7350, 7352, 7355, 7357, 7358, 7361, 7366, 7368, 7371, 7373, 7376, 7384, 7385, 7387, 7388, 7389, 7390, 7392, 7393, 7396, 7397, 7403, 7404, 7409, 7410, 7415, 7417, 7420, 7421, 7429, 7431, 7437, 7439, 7440, 7441, 7450, 7452, 7453, 7454, 7455, 7458, 7461, 7462, 7466, 7467, 7468, 7470, 7472, 7477, 7479, 7484, 7498]


==================================================

### Class 10 (Custom_10_QPSK)
Target Standard Bandwidth: 10.0 MHz
--------------------------------------------------
  ● Bandwidth: 0.3 MHz  [ANOMALY] (异常! 差值: -9.7000)
    Count: 286 files
    IDs: [16, 78, 84, 99, 103, 144, 228, 231, 235, 258, 299, 310, 326, 404, 444, 464, 527, 597, 620, 623, 640, 653, 663, 783, 830, 834, 871, 873, 877, 896, 912, 926, 988, 1005, 1046, 1061, 1082, 1091, 1172, 1188, 1233, 1240, 1241, 1301, 1312, 1334, 1364, 1370, 1384, 1386, 1395, 1398, 1452, 1471, 1474, 1490, 1546, 1547, 1553, 1565, 1662, 1686, 1712, 1716, 1753, 1804, 1830, 1839, 1898, 1911, 1920, 1950, 1960, 1963, 1970, 2029, 2060, 2064, 2084, 2109, 2211, 2222, 2251, 2272, 2296, 2327, 2334, 2361, 2435, 2439, 2476, 2520, 2548, 2556, 2632, 2645, 2684, 2700, 2758, 2766, 2770, 2787, 2790, 2795, 2824, 2848, 2858, 2859, 2939, 2950, 2955, 2997, 3078, 3086, 3088, 3092, 3108, 3109, 3121, 3174, 3181, 3196, 3226, 3255, 3266, 3282, 3298, 3326, 3352, 3363, 3378, 3386, 3395, 3435, 3438, 3441, 3443, 3482, 3521, 3547, 3548, 3636, 3664, 3751, 3780, 3827, 3859, 3901, 3928, 3970, 3973, 3991, 3993, 4049, 4064, 4066, 4087, 4246, 4261, 4324, 4343, 4397, 4431, 4448, 4453, 4467, 4493, 4548, 4566, 4658, 4675, 4698, 4701, 4704, 4735, 4747, 4756, 4763, 4777, 4792, 4816, 4834, 4848, 4849, 4851, 4939, 5034, 5059, 5081, 5099, 5103, 5225, 5251, 5287, 5291, 5311, 5320, 5334, 5394, 5398, 5405, 5412, 5416, 5436, 5441, 5449, 5505, 5543, 5554, 5561, 5617, 5659, 5661, 5686, 5697, 5763, 5783, 5791, 5816, 5855, 5872, 5886, 5912, 5918, 5963, 6058, 6086, 6154, 6159, 6176, 6238, 6268, 6270, 6309, 6313, 6323, 6336, 6407, 6415, 6434, 6436, 6451, 6458, 6476, 6491, 6539, 6553, 6594, 6621, 6643, 6654, 6682, 6747, 6771, 6780, 6791, 6815, 6836, 6837, 6844, 6856, 6867, 6870, 6951, 6978, 7026, 7056, 7121, 7140, 7147, 7148, 7163, 7182, 7202, 7234, 7256, 7290, 7305, 7316, 7332, 7333, 7348, 7380, 7440, 7442, 7497]

  ● Bandwidth: 0.5 MHz  [ANOMALY] (异常! 差值: -9.5000)
    Count: 266 files
    IDs: [7, 9, 19, 26, 88, 104, 106, 110, 121, 161, 171, 176, 206, 226, 259, 263, 278, 318, 373, 439, 450, 466, 550, 573, 582, 599, 607, 636, 648, 671, 674, 683, 827, 832, 837, 863, 944, 948, 960, 969, 970, 971, 977, 1031, 1174, 1199, 1208, 1230, 1261, 1266, 1279, 1285, 1350, 1376, 1382, 1410, 1437, 1452, 1471, 1479, 1500, 1550, 1641, 1670, 1676, 1690, 1702, 1709, 1724, 1757, 1760, 1769, 1812, 1844, 1862, 1900, 1941, 1947, 1974, 2036, 2095, 2166, 2168, 2226, 2329, 2353, 2362, 2368, 2416, 2451, 2512, 2552, 2558, 2564, 2572, 2676, 2677, 2686, 2770, 2780, 2786, 2880, 3087, 3110, 3177, 3188, 3191, 3204, 3213, 3217, 3222, 3239, 3250, 3284, 3353, 3374, 3411, 3414, 3417, 3435, 3476, 3518, 3545, 3603, 3611, 3656, 3673, 3696, 3697, 3737, 3741, 3766, 3831, 3832, 3868, 3922, 3929, 3932, 3998, 4016, 4062, 4090, 4149, 4158, 4172, 4198, 4210, 4235, 4237, 4263, 4273, 4300, 4342, 4349, 4362, 4363, 4439, 4445, 4470, 4486, 4525, 4539, 4606, 4652, 4676, 4694, 4708, 4762, 4778, 4788, 4795, 4813, 4856, 4858, 4860, 4900, 4952, 4963, 4995, 5014, 5032, 5067, 5077, 5087, 5095, 5131, 5157, 5204, 5212, 5224, 5239, 5250, 5278, 5279, 5283, 5300, 5321, 5395, 5402, 5450, 5503, 5519, 5636, 5709, 5739, 5774, 5826, 5830, 5858, 5877, 5884, 5898, 5933, 5938, 5962, 5963, 6014, 6155, 6180, 6219, 6251, 6277, 6291, 6310, 6340, 6364, 6372, 6375, 6400, 6432, 6526, 6544, 6547, 6552, 6559, 6577, 6607, 6662, 6688, 6711, 6725, 6753, 6758, 6789, 6791, 6837, 6854, 6860, 6863, 6910, 6956, 6977, 7052, 7102, 7124, 7130, 7154, 7159, 7221, 7225, 7245, 7252, 7382, 7390, 7431, 7468]

  ● Bandwidth: 10.0 MHz  [STANDARD] (标准)
    Count: 1099 files
    IDs: [2, 4, 6, 7, 18, 29, 33, 38, 40, 41, 45, 47, 54, 56, 59, 63, 72, 76, 80, 82, 90, 92, 97, 99, 105, 118, 124, 128, 132, 138, 153, 154, 161, 162, 168, 172, 200, 203, 208, 212, 213, 214, 217, 221, 224, 233, 236, 237, 239, 240, 254, 260, 264, 268, 281, 284, 285, 289, 295, 301, 305, 312, 314, 324, 325, 332, 350, 351, 361, 380, 405, 407, 418, 424, 426, 434, 441, 445, 446, 462, 469, 476, 481, 487, 490, 512, 540, 544, 548, 551, 552, 555, 561, 564, 566, 569, 573, 574, 575, 582, 598, 601, 613, 618, 620, 629, 630, 649, 651, 663, 664, 672, 673, 675, 681, 685, 697, 699, 700, 703, 706, 709, 718, 749, 752, 755, 756, 761, 766, 773, 782, 786, 824, 825, 828, 830, 832, 834, 838, 841, 853, 856, 859, 867, 877, 878, 908, 913, 917, 925, 929, 930, 939, 944, 945, 953, 962, 965, 968, 975, 993, 1001, 1003, 1004, 1023, 1024, 1040, 1054, 1059, 1067, 1074, 1081, 1085, 1091, 1101, 1118, 1119, 1120, 1121, 1122, 1128, 1129, 1146, 1154, 1161, 1162, 1169, 1170, 1183, 1189, 1191, 1198, 1200, 1201, 1221, 1230, 1242, 1243, 1244, 1247, 1253, 1260, 1269, 1277, 1278, 1292, 1297, 1305, 1316, 1326, 1327, 1330, 1334, 1335, 1342, 1343, 1361, 1362, 1365, 1366, 1373, 1377, 1388, 1391, 1393, 1394, 1395, 1405, 1411, 1415, 1417, 1421, 1422, 1428, 1438, 1454, 1463, 1472, 1476, 1477, 1480, 1496, 1513, 1522, 1527, 1529, 1534, 1557, 1568, 1576, 1585, 1593, 1597, 1608, 1619, 1621, 1631, 1632, 1647, 1653, 1654, 1655, 1663, 1664, 1678, 1700, 1707, 1713, 1722, 1730, 1735, 1737, 1761, 1767, 1774, 1777, 1779, 1780, 1786, 1812, 1817, 1819, 1826, 1832, 1849, 1874, 1878, 1889, 1896, 1902, 1906, 1910, 1911, 1919, 1923, 1925, 1928, 1933, 1938, 1946, 1956, 1957, 1967, 1977, 1992, 2006, 2021, 2024, 2026, 2027, 2038, 2042, 2053, 2062, 2063, 2076, 2080, 2082, 2085, 2109, 2112, 2119, 2123, 2132, 2135, 2139, 2143, 2154, 2156, 2159, 2171, 2193, 2205, 2207, 2209, 2217, 2218, 2224, 2238, 2241, 2257, 2263, 2265, 2270, 2276, 2277, 2281, 2287, 2302, 2305, 2317, 2330, 2350, 2354, 2360, 2367, 2373, 2377, 2378, 2379, 2397, 2400, 2405, 2408, 2410, 2419, 2429, 2437, 2452, 2453, 2467, 2470, 2471, 2476, 2480, 2483, 2489, 2498, 2505, 2507, 2508, 2519, 2522, 2539, 2566, 2568, 2573, 2576, 2587, 2588, 2598, 2606, 2609, 2613, 2628, 2629, 2642, 2643, 2649, 2650, 2651, 2668, 2671, 2677, 2689, 2702, 2704, 2708, 2714, 2720, 2727, 2732, 2747, 2751, 2753, 2755, 2758, 2759, 2769, 2771, 2813, 2818, 2831, 2836, 2837, 2838, 2845, 2853, 2859, 2878, 2909, 2910, 2911, 2914, 2922, 2944, 2958, 2964, 2967, 2972, 2978, 2987, 2992, 3013, 3018, 3024, 3039, 3052, 3054, 3058, 3061, 3067, 3070, 3081, 3097, 3111, 3112, 3120, 3128, 3141, 3147, 3174, 3177, 3182, 3190, 3195, 3197, 3204, 3224, 3232, 3233, 3236, 3249, 3253, 3260, 3265, 3267, 3268, 3271, 3280, 3282, 3293, 3297, 3299, 3307, 3309, 3320, 3325, 3330, 3333, 3343, 3348, 3349, 3350, 3352, 3358, 3360, 3386, 3390, 3392, 3400, 3415, 3420, 3427, 3435, 3455, 3472, 3482, 3483, 3488, 3491, 3493, 3494, 3502, 3503, 3507, 3509, 3516, 3517, 3522, 3544, 3547, 3551, 3566, 3577, 3582, 3594, 3599, 3611, 3619, 3620, 3621, 3622, 3641, 3654, 3669, 3675, 3692, 3698, 3701, 3702, 3706, 3713, 3714, 3718, 3722, 3727, 3746, 3751, 3766, 3780, 3786, 3789, 3790, 3805, 3807, 3822, 3823, 3825, 3826, 3843, 3855, 3860, 3872, 3876, 3880, 3882, 3890, 3891, 3897, 3901, 3906, 3919, 3929, 3932, 3944, 3949, 3954, 3960, 3969, 3970, 3976, 3978, 3980, 3996, 3998, 4010, 4015, 4037, 4073, 4076, 4078, 4079, 4088, 4090, 4093, 4099, 4100, 4110, 4115, 4134, 4143, 4161, 4175, 4193, 4204, 4216, 4221, 4249, 4254, 4258, 4274, 4275, 4278, 4280, 4291, 4302, 4307, 4316, 4317, 4331, 4343, 4345, 4348, 4354, 4356, 4368, 4372, 4388, 4396, 4406, 4424, 4439, 4442, 4444, 4447, 4450, 4458, 4462, 4477, 4478, 4479, 4500, 4520, 4527, 4535, 4539, 4540, 4541, 4543, 4569, 4572, 4579, 4589, 4593, 4597, 4600, 4605, 4611, 4615, 4622, 4623, 4624, 4626, 4640, 4642, 4655, 4660, 4663, 4678, 4687, 4691, 4694, 4704, 4711, 4713, 4721, 4722, 4728, 4738, 4740, 4747, 4748, 4758, 4776, 4797, 4799, 4805, 4819, 4822, 4824, 4831, 4835, 4836, 4838, 4844, 4850, 4870, 4879, 4881, 4883, 4885, 4887, 4892, 4893, 4899, 4920, 4921, 4925, 4939, 4941, 4942, 4944, 4950, 4956, 4968, 4973, 4975, 4992, 4997, 5005, 5012, 5014, 5022, 5031, 5034, 5037, 5044, 5050, 5055, 5056, 5061, 5065, 5066, 5070, 5073, 5075, 5082, 5087, 5088, 5094, 5097, 5098, 5106, 5109, 5122, 5128, 5131, 5134, 5140, 5145, 5152, 5159, 5162, 5171, 5172, 5174, 5178, 5181, 5195, 5212, 5225, 5230, 5232, 5237, 5239, 5240, 5248, 5256, 5261, 5264, 5266, 5271, 5280, 5287, 5290, 5302, 5315, 5318, 5333, 5335, 5340, 5353, 5365, 5367, 5383, 5385, 5387, 5388, 5406, 5430, 5432, 5434, 5438, 5440, 5442, 5445, 5447, 5460, 5462, 5463, 5472, 5474, 5488, 5491, 5494, 5500, 5502, 5515, 5527, 5529, 5545, 5551, 5557, 5559, 5577, 5580, 5588, 5593, 5600, 5616, 5617, 5621, 5628, 5639, 5645, 5651, 5656, 5662, 5667, 5669, 5672, 5673, 5676, 5704, 5715, 5726, 5728, 5734, 5738, 5748, 5764, 5766, 5768, 5785, 5786, 5793, 5794, 5795, 5798, 5806, 5808, 5814, 5822, 5830, 5836, 5846, 5849, 5851, 5861, 5862, 5865, 5869, 5873, 5884, 5889, 5897, 5899, 5905, 5913, 5917, 5921, 5927, 5934, 5937, 5943, 5948, 5951, 5956, 5958, 5959, 5986, 5989, 5991, 5995, 5997, 6003, 6016, 6018, 6021, 6024, 6025, 6026, 6027, 6029, 6030, 6032, 6033, 6034, 6037, 6047, 6049, 6054, 6061, 6062, 6073, 6086, 6093, 6098, 6099, 6105, 6106, 6108, 6109, 6123, 6124, 6133, 6135, 6143, 6154, 6160, 6162, 6179, 6180, 6187, 6190, 6204, 6213, 6216, 6221, 6230, 6234, 6238, 6248, 6250, 6258, 6267, 6271, 6286, 6295, 6310, 6316, 6324, 6329, 6350, 6364, 6379, 6386, 6391, 6392, 6396, 6399, 6427, 6430, 6431, 6432, 6436, 6441, 6445, 6447, 6460, 6482, 6490, 6521, 6525, 6535, 6542, 6545, 6551, 6552, 6553, 6560, 6564, 6575, 6578, 6595, 6596, 6598, 6604, 6605, 6610, 6614, 6616, 6617, 6634, 6637, 6662, 6670, 6688, 6691, 6707, 6709, 6724, 6725, 6726, 6729, 6732, 6740, 6764, 6766, 6777, 6779, 6782, 6814, 6821, 6841, 6844, 6854, 6857, 6867, 6869, 6870, 6875, 6881, 6882, 6886, 6911, 6927, 6933, 6934, 6938, 6939, 6947, 6952, 6976, 6991, 6994, 7001, 7004, 7006, 7009, 7011, 7022, 7028, 7048, 7050, 7057, 7082, 7083, 7109, 7113, 7122, 7125, 7127, 7130, 7137, 7141, 7144, 7150, 7151, 7152, 7154, 7158, 7162, 7171, 7180, 7191, 7199, 7203, 7209, 7218, 7225, 7241, 7258, 7265, 7275, 7294, 7300, 7309, 7315, 7318, 7322, 7328, 7335, 7340, 7342, 7345, 7347, 7354, 7364, 7365, 7376, 7388, 7394, 7395, 7403, 7429, 7434, 7435, 7441, 7448, 7458, 7461, 7472, 7485, 7486, 7489, 7490, 7492]


==================================================

### Class 11 (Custom_10_16QAM)
Target Standard Bandwidth: 10.0 MHz
--------------------------------------------------
  ● Bandwidth: 1.6 MHz  [ANOMALY] (异常! 差值: -8.4000)
    Count: 287 files
    IDs: [9, 29, 39, 46, 47, 64, 66, 79, 163, 170, 178, 203, 290, 296, 303, 390, 435, 450, 473, 480, 502, 517, 518, 532, 557, 563, 568, 575, 590, 603, 648, 650, 664, 676, 677, 693, 723, 733, 755, 788, 814, 825, 849, 856, 859, 875, 896, 898, 903, 938, 949, 958, 1043, 1058, 1079, 1085, 1096, 1105, 1269, 1271, 1281, 1282, 1283, 1307, 1336, 1362, 1402, 1411, 1416, 1459, 1471, 1476, 1480, 1510, 1549, 1571, 1606, 1651, 1707, 1748, 1752, 1753, 1754, 1768, 1770, 1776, 1849, 1851, 1929, 1952, 1958, 1997, 2078, 2084, 2115, 2139, 2156, 2186, 2278, 2282, 2296, 2386, 2418, 2428, 2515, 2577, 2645, 2656, 2671, 2727, 2733, 2735, 2771, 2784, 2835, 2843, 2844, 2865, 2959, 2979, 3013, 3041, 3084, 3102, 3119, 3131, 3132, 3141, 3145, 3173, 3234, 3309, 3360, 3361, 3405, 3411, 3474, 3499, 3586, 3590, 3591, 3599, 3633, 3647, 3702, 3757, 3794, 3796, 3799, 3862, 3927, 4001, 4012, 4027, 4039, 4090, 4096, 4103, 4110, 4134, 4136, 4156, 4178, 4227, 4241, 4303, 4380, 4390, 4400, 4401, 4410, 4457, 4471, 4492, 4504, 4521, 4548, 4574, 4595, 4616, 4657, 4682, 4698, 4699, 4726, 4782, 4818, 4858, 4892, 4911, 4920, 4943, 4973, 4974, 4989, 5023, 5069, 5091, 5106, 5110, 5126, 5174, 5181, 5284, 5285, 5317, 5339, 5370, 5379, 5384, 5429, 5436, 5511, 5528, 5588, 5614, 5625, 5638, 5677, 5687, 5695, 5707, 5719, 5729, 5750, 5759, 5767, 5770, 5815, 5868, 5872, 5885, 5908, 5910, 5931, 5956, 5979, 5998, 6001, 6016, 6019, 6133, 6145, 6157, 6260, 6284, 6301, 6356, 6392, 6413, 6522, 6586, 6617, 6648, 6658, 6689, 6694, 6737, 6766, 6804, 6814, 6815, 6829, 6874, 6974, 6983, 6995, 7028, 7045, 7088, 7110, 7113, 7129, 7198, 7200, 7208, 7209, 7237, 7305, 7315, 7327, 7333, 7337, 7350, 7360, 7387, 7455]

  ● Bandwidth: 7.56 MHz  [ANOMALY] (异常! 差值: -2.4400)
    Count: 280 files
    IDs: [199, 247, 265, 310, 337, 352, 357, 422, 445, 473, 476, 479, 524, 532, 561, 573, 583, 618, 619, 635, 652, 681, 729, 733, 747, 769, 846, 848, 849, 915, 918, 936, 953, 999, 1084, 1086, 1093, 1100, 1124, 1182, 1188, 1214, 1251, 1270, 1273, 1332, 1345, 1375, 1382, 1406, 1420, 1448, 1518, 1522, 1553, 1633, 1643, 1670, 1693, 1697, 1713, 1843, 1852, 1875, 1901, 1937, 1983, 2041, 2048, 2071, 2095, 2150, 2164, 2165, 2167, 2197, 2198, 2217, 2244, 2254, 2297, 2310, 2328, 2364, 2369, 2378, 2387, 2388, 2401, 2487, 2498, 2516, 2528, 2546, 2587, 2594, 2596, 2612, 2647, 2700, 2711, 2719, 2732, 2744, 2758, 2786, 2810, 2818, 2820, 2831, 2864, 2887, 2908, 2915, 2948, 2984, 3001, 3007, 3048, 3103, 3117, 3144, 3151, 3188, 3196, 3239, 3254, 3257, 3259, 3274, 3305, 3334, 3342, 3354, 3355, 3374, 3443, 3494, 3513, 3532, 3545, 3566, 3582, 3600, 3617, 3649, 3681, 3688, 3714, 3718, 3736, 3790, 3888, 3895, 3901, 3970, 3977, 3992, 3993, 3997, 4009, 4020, 4057, 4079, 4106, 4125, 4129, 4135, 4166, 4194, 4254, 4281, 4322, 4333, 4387, 4433, 4437, 4457, 4487, 4502, 4532, 4565, 4588, 4589, 4613, 4621, 4648, 4661, 4691, 4698, 4733, 4738, 4745, 4849, 4863, 4941, 4943, 4985, 4995, 5004, 5010, 5097, 5164, 5169, 5179, 5197, 5207, 5253, 5288, 5322, 5338, 5378, 5410, 5418, 5450, 5497, 5527, 5563, 5637, 5681, 5690, 5695, 5732, 5739, 5831, 5850, 5887, 5890, 5899, 5907, 5962, 5995, 6067, 6144, 6159, 6181, 6238, 6251, 6303, 6315, 6432, 6439, 6453, 6504, 6518, 6545, 6578, 6594, 6624, 6634, 6654, 6703, 6704, 6777, 6884, 6897, 6963, 7015, 7018, 7021, 7053, 7098, 7127, 7139, 7152, 7166, 7175, 7182, 7184, 7200, 7215, 7273, 7275, 7278, 7298, 7317, 7329, 7406, 7409, 7462]

  ● Bandwidth: 10.0 MHz  [STANDARD] (标准)
    Count: 1096 files
    IDs: [1, 12, 16, 19, 24, 25, 27, 39, 40, 47, 51, 56, 59, 60, 63, 66, 75, 84, 100, 109, 118, 153, 160, 162, 174, 177, 191, 195, 196, 197, 204, 220, 222, 229, 232, 233, 234, 236, 237, 240, 263, 264, 265, 267, 273, 274, 276, 289, 295, 307, 308, 316, 318, 324, 326, 340, 342, 344, 345, 347, 363, 366, 368, 375, 380, 382, 383, 385, 388, 389, 392, 396, 407, 411, 415, 434, 440, 444, 447, 452, 454, 456, 457, 475, 478, 482, 490, 506, 521, 522, 523, 524, 525, 534, 536, 547, 552, 558, 562, 573, 577, 582, 594, 596, 601, 607, 610, 619, 626, 631, 645, 656, 671, 679, 684, 698, 702, 703, 708, 715, 720, 724, 730, 735, 740, 743, 746, 750, 751, 757, 772, 774, 776, 783, 788, 804, 810, 816, 817, 829, 833, 860, 866, 869, 870, 871, 876, 880, 902, 907, 911, 913, 917, 926, 935, 952, 959, 970, 974, 976, 978, 981, 983, 986, 989, 994, 995, 1002, 1026, 1035, 1042, 1052, 1058, 1068, 1069, 1077, 1082, 1085, 1089, 1090, 1091, 1092, 1093, 1104, 1114, 1116, 1117, 1119, 1128, 1130, 1140, 1141, 1152, 1163, 1167, 1177, 1180, 1192, 1193, 1207, 1222, 1224, 1229, 1238, 1245, 1258, 1271, 1281, 1294, 1302, 1306, 1312, 1327, 1331, 1342, 1343, 1354, 1375, 1379, 1380, 1381, 1384, 1386, 1388, 1390, 1391, 1397, 1400, 1405, 1406, 1414, 1418, 1424, 1426, 1434, 1435, 1437, 1438, 1439, 1440, 1448, 1449, 1453, 1462, 1470, 1471, 1482, 1483, 1490, 1494, 1495, 1497, 1510, 1511, 1519, 1525, 1534, 1535, 1537, 1561, 1567, 1570, 1575, 1579, 1590, 1595, 1618, 1620, 1622, 1627, 1645, 1649, 1653, 1654, 1666, 1675, 1687, 1692, 1693, 1694, 1711, 1715, 1716, 1717, 1721, 1727, 1728, 1729, 1740, 1745, 1765, 1769, 1773, 1778, 1779, 1785, 1787, 1797, 1804, 1809, 1812, 1825, 1827, 1834, 1836, 1838, 1846, 1858, 1866, 1868, 1872, 1891, 1896, 1908, 1909, 1914, 1916, 1922, 1928, 1930, 1935, 1941, 1945, 1946, 1968, 1969, 1977, 1983, 1988, 1989, 1992, 2014, 2015, 2016, 2023, 2047, 2055, 2056, 2059, 2061, 2062, 2064, 2069, 2071, 2081, 2087, 2091, 2095, 2097, 2112, 2128, 2157, 2167, 2168, 2181, 2184, 2185, 2188, 2205, 2207, 2210, 2213, 2216, 2222, 2234, 2239, 2271, 2280, 2283, 2285, 2286, 2292, 2301, 2321, 2329, 2334, 2341, 2353, 2367, 2375, 2377, 2378, 2380, 2389, 2392, 2393, 2400, 2411, 2422, 2425, 2430, 2433, 2436, 2438, 2446, 2453, 2457, 2478, 2486, 2488, 2498, 2504, 2511, 2519, 2523, 2531, 2537, 2546, 2547, 2553, 2556, 2589, 2595, 2606, 2621, 2635, 2647, 2665, 2672, 2676, 2678, 2684, 2702, 2707, 2729, 2737, 2752, 2754, 2756, 2759, 2762, 2767, 2780, 2789, 2796, 2802, 2807, 2818, 2825, 2834, 2848, 2866, 2874, 2883, 2886, 2893, 2900, 2901, 2920, 2923, 2928, 2947, 2950, 2960, 2980, 2983, 2995, 2999, 3000, 3001, 3002, 3011, 3019, 3023, 3025, 3031, 3034, 3038, 3040, 3057, 3058, 3064, 3072, 3097, 3109, 3113, 3119, 3122, 3126, 3129, 3137, 3140, 3141, 3157, 3164, 3166, 3172, 3190, 3194, 3208, 3216, 3226, 3227, 3228, 3230, 3246, 3247, 3257, 3265, 3267, 3274, 3290, 3298, 3304, 3308, 3313, 3343, 3369, 3405, 3407, 3412, 3420, 3425, 3429, 3434, 3453, 3457, 3459, 3461, 3490, 3492, 3495, 3496, 3500, 3506, 3512, 3515, 3522, 3527, 3543, 3556, 3565, 3580, 3617, 3623, 3631, 3634, 3635, 3636, 3637, 3659, 3675, 3681, 3688, 3691, 3702, 3703, 3706, 3710, 3713, 3736, 3746, 3753, 3754, 3763, 3767, 3779, 3784, 3785, 3788, 3789, 3806, 3860, 3861, 3873, 3879, 3888, 3895, 3899, 3900, 3905, 3912, 3920, 3922, 3939, 3945, 3947, 3951, 3953, 3956, 3962, 3968, 3975, 3977, 3994, 3995, 4003, 4015, 4016, 4020, 4021, 4028, 4032, 4057, 4058, 4060, 4074, 4076, 4084, 4099, 4105, 4106, 4113, 4117, 4127, 4135, 4155, 4177, 4179, 4181, 4192, 4206, 4211, 4214, 4217, 4221, 4230, 4240, 4250, 4257, 4260, 4278, 4282, 4293, 4298, 4301, 4307, 4310, 4326, 4328, 4331, 4337, 4349, 4351, 4353, 4361, 4363, 4364, 4374, 4377, 4378, 4406, 4407, 4411, 4416, 4423, 4432, 4446, 4449, 4462, 4465, 4469, 4472, 4477, 4478, 4479, 4480, 4494, 4495, 4500, 4504, 4509, 4518, 4523, 4526, 4537, 4539, 4545, 4550, 4560, 4564, 4571, 4573, 4574, 4584, 4586, 4588, 4590, 4594, 4604, 4608, 4630, 4647, 4648, 4659, 4681, 4698, 4706, 4714, 4718, 4729, 4730, 4736, 4750, 4753, 4755, 4757, 4762, 4766, 4768, 4775, 4783, 4795, 4826, 4827, 4828, 4836, 4843, 4847, 4861, 4863, 4871, 4877, 4882, 4892, 4893, 4896, 4906, 4912, 4922, 4924, 4935, 4942, 4946, 4951, 4952, 4956, 4958, 4968, 4973, 4975, 4981, 4983, 4990, 4991, 4999, 5011, 5018, 5031, 5042, 5053, 5057, 5066, 5072, 5090, 5092, 5107, 5113, 5133, 5135, 5153, 5169, 5175, 5179, 5188, 5189, 5191, 5194, 5195, 5196, 5201, 5202, 5208, 5224, 5232, 5240, 5251, 5260, 5265, 5269, 5274, 5283, 5298, 5315, 5323, 5329, 5342, 5345, 5350, 5351, 5374, 5376, 5380, 5381, 5400, 5407, 5409, 5426, 5428, 5430, 5436, 5449, 5452, 5453, 5473, 5482, 5484, 5500, 5506, 5517, 5518, 5535, 5537, 5539, 5540, 5541, 5545, 5566, 5573, 5575, 5581, 5582, 5587, 5589, 5599, 5605, 5614, 5630, 5634, 5637, 5642, 5658, 5671, 5673, 5677, 5695, 5699, 5704, 5705, 5709, 5715, 5719, 5727, 5741, 5753, 5759, 5766, 5771, 5772, 5775, 5776, 5783, 5786, 5788, 5792, 5798, 5801, 5815, 5821, 5827, 5833, 5836, 5838, 5850, 5857, 5871, 5875, 5877, 5881, 5887, 5888, 5890, 5898, 5905, 5915, 5925, 5934, 5937, 5957, 5969, 5970, 5981, 5984, 5998, 5999, 6002, 6004, 6021, 6027, 6029, 6036, 6041, 6044, 6050, 6059, 6061, 6063, 6066, 6070, 6073, 6079, 6089, 6093, 6100, 6117, 6119, 6135, 6136, 6142, 6148, 6150, 6159, 6160, 6170, 6178, 6188, 6190, 6192, 6197, 6206, 6218, 6225, 6228, 6235, 6243, 6250, 6263, 6264, 6272, 6273, 6287, 6291, 6296, 6297, 6298, 6301, 6313, 6333, 6342, 6352, 6355, 6361, 6368, 6370, 6378, 6389, 6393, 6396, 6398, 6403, 6409, 6425, 6428, 6431, 6438, 6441, 6444, 6452, 6470, 6475, 6478, 6480, 6489, 6491, 6506, 6519, 6522, 6524, 6526, 6532, 6536, 6538, 6549, 6553, 6564, 6574, 6576, 6587, 6588, 6593, 6598, 6600, 6614, 6632, 6637, 6640, 6663, 6668, 6671, 6684, 6693, 6696, 6706, 6718, 6721, 6722, 6734, 6740, 6743, 6748, 6754, 6762, 6763, 6777, 6782, 6796, 6805, 6832, 6839, 6840, 6854, 6855, 6856, 6867, 6869, 6873, 6908, 6915, 6924, 6931, 6933, 6938, 6940, 6946, 6950, 6964, 6972, 6973, 6984, 6985, 6993, 6999, 7000, 7006, 7017, 7026, 7031, 7033, 7051, 7065, 7069, 7073, 7078, 7082, 7090, 7097, 7099, 7101, 7105, 7115, 7133, 7138, 7149, 7159, 7160, 7164, 7165, 7170, 7177, 7184, 7200, 7206, 7214, 7216, 7221, 7240, 7241, 7242, 7249, 7258, 7262, 7271, 7273, 7289, 7298, 7300, 7307, 7326, 7333, 7341, 7344, 7347, 7350, 7352, 7353, 7354, 7359, 7366, 7378, 7381, 7382, 7385, 7398, 7401, 7402, 7416, 7421, 7427, 7429, 7437, 7457, 7471, 7477, 7488, 7489, 7494]


==================================================

### Class 12 (Custom_0.2_AM)
Target Standard Bandwidth: 0.2 MHz
--------------------------------------------------
  ● Bandwidth: 0.006 MHz  [ANOMALY] (异常! 差值: -0.1940)
    Count: 555 files
    IDs: [18, 32, 33, 41, 46, 50, 54, 77, 86, 109, 123, 151, 161, 164, 173, 179, 185, 188, 197, 202, 220, 233, 283, 291, 299, 309, 334, 339, 372, 382, 393, 400, 485, 510, 524, 538, 547, 561, 564, 571, 572, 577, 595, 612, 641, 654, 657, 672, 684, 689, 695, 702, 704, 718, 748, 755, 774, 776, 782, 797, 801, 831, 834, 853, 855, 857, 868, 899, 914, 918, 942, 966, 991, 993, 1006, 1029, 1048, 1050, 1081, 1086, 1132, 1136, 1140, 1156, 1166, 1177, 1187, 1199, 1203, 1239, 1254, 1269, 1275, 1279, 1286, 1308, 1336, 1343, 1368, 1376, 1382, 1391, 1394, 1417, 1449, 1453, 1454, 1491, 1511, 1513, 1514, 1538, 1558, 1562, 1587, 1632, 1635, 1643, 1645, 1664, 1674, 1694, 1703, 1716, 1728, 1746, 1747, 1777, 1786, 1814, 1829, 1840, 1848, 1855, 1863, 1874, 1901, 1920, 1943, 1945, 1949, 1991, 2011, 2032, 2047, 2054, 2059, 2070, 2077, 2106, 2116, 2136, 2137, 2166, 2179, 2186, 2203, 2219, 2239, 2260, 2270, 2276, 2291, 2306, 2322, 2324, 2332, 2352, 2356, 2361, 2367, 2372, 2376, 2378, 2387, 2444, 2454, 2461, 2472, 2502, 2511, 2520, 2523, 2525, 2529, 2602, 2607, 2610, 2613, 2616, 2639, 2658, 2661, 2663, 2676, 2678, 2679, 2683, 2693, 2721, 2732, 2796, 2817, 2850, 2859, 2876, 2895, 2896, 2897, 2900, 2914, 2928, 2961, 2971, 2993, 3033, 3036, 3063, 3067, 3081, 3083, 3093, 3094, 3095, 3114, 3117, 3151, 3159, 3160, 3194, 3201, 3205, 3223, 3229, 3233, 3249, 3250, 3255, 3271, 3295, 3312, 3313, 3319, 3338, 3347, 3366, 3377, 3380, 3398, 3408, 3422, 3435, 3437, 3454, 3462, 3464, 3475, 3521, 3542, 3554, 3564, 3568, 3569, 3572, 3582, 3608, 3629, 3632, 3649, 3676, 3681, 3692, 3705, 3709, 3725, 3732, 3745, 3757, 3766, 3774, 3809, 3814, 3820, 3836, 3837, 3848, 3899, 3909, 3915, 3974, 3988, 3992, 3998, 4006, 4032, 4060, 4087, 4102, 4107, 4127, 4165, 4168, 4179, 4187, 4198, 4239, 4246, 4262, 4271, 4274, 4292, 4305, 4315, 4356, 4372, 4374, 4407, 4415, 4445, 4454, 4462, 4465, 4482, 4490, 4502, 4515, 4526, 4545, 4549, 4576, 4579, 4590, 4592, 4599, 4604, 4620, 4627, 4641, 4644, 4657, 4669, 4678, 4702, 4709, 4720, 4759, 4763, 4772, 4777, 4778, 4782, 4807, 4818, 4819, 4821, 4831, 4844, 4858, 4871, 4885, 4915, 4930, 4933, 4947, 4949, 4979, 4992, 5000, 5012, 5019, 5037, 5040, 5044, 5046, 5047, 5062, 5063, 5066, 5085, 5105, 5106, 5150, 5151, 5154, 5164, 5167, 5174, 5190, 5215, 5273, 5278, 5287, 5294, 5312, 5331, 5334, 5366, 5378, 5382, 5383, 5390, 5397, 5405, 5411, 5413, 5449, 5469, 5472, 5502, 5524, 5541, 5545, 5552, 5557, 5560, 5584, 5593, 5616, 5635, 5655, 5703, 5730, 5782, 5791, 5792, 5807, 5816, 5857, 5864, 5865, 5873, 5874, 5876, 5888, 5892, 5898, 5913, 5914, 5964, 5969, 5988, 5998, 6003, 6005, 6019, 6033, 6034, 6035, 6057, 6073, 6074, 6083, 6090, 6095, 6096, 6106, 6122, 6126, 6130, 6172, 6174, 6177, 6194, 6206, 6207, 6236, 6244, 6287, 6293, 6308, 6311, 6314, 6315, 6321, 6324, 6340, 6392, 6394, 6401, 6406, 6415, 6421, 6466, 6470, 6474, 6485, 6492, 6505, 6537, 6563, 6564, 6570, 6578, 6598, 6617, 6620, 6625, 6626, 6643, 6648, 6649, 6655, 6668, 6681, 6704, 6706, 6725, 6758, 6760, 6771, 6782, 6784, 6802, 6812, 6832, 6844, 6853, 6861, 6873, 6874, 6904, 6912, 6990, 6996, 7003, 7006, 7018, 7036, 7054, 7055, 7084, 7089, 7102, 7165, 7167, 7211, 7220, 7221, 7230, 7242, 7243, 7258, 7260, 7267, 7280, 7296, 7300, 7312, 7348, 7354, 7364, 7377, 7385, 7434, 7470]

  ● Bandwidth: 0.2 MHz  [STANDARD] (标准)
    Count: 1123 files
    IDs: [11, 15, 39, 41, 43, 52, 61, 64, 66, 72, 79, 81, 89, 97, 99, 108, 112, 113, 126, 134, 143, 146, 155, 161, 185, 189, 205, 214, 220, 224, 236, 238, 242, 263, 265, 272, 277, 281, 283, 294, 304, 306, 307, 309, 313, 317, 320, 322, 349, 355, 366, 369, 370, 377, 381, 382, 385, 390, 401, 414, 417, 420, 430, 431, 441, 445, 454, 455, 456, 458, 462, 482, 498, 509, 523, 524, 531, 535, 540, 543, 556, 559, 581, 599, 607, 614, 615, 617, 619, 648, 652, 672, 682, 686, 689, 690, 692, 698, 700, 703, 710, 732, 739, 765, 768, 772, 786, 795, 796, 820, 833, 843, 853, 856, 859, 862, 868, 871, 874, 879, 886, 893, 894, 901, 903, 907, 910, 916, 921, 923, 935, 936, 938, 940, 951, 963, 965, 966, 972, 974, 975, 976, 997, 998, 1005, 1029, 1035, 1047, 1053, 1054, 1056, 1066, 1067, 1076, 1079, 1080, 1082, 1084, 1086, 1090, 1100, 1101, 1111, 1115, 1117, 1122, 1125, 1145, 1146, 1148, 1152, 1154, 1156, 1176, 1192, 1194, 1202, 1209, 1219, 1233, 1235, 1242, 1246, 1263, 1266, 1296, 1297, 1299, 1300, 1301, 1315, 1317, 1321, 1333, 1341, 1345, 1347, 1350, 1352, 1362, 1365, 1366, 1371, 1378, 1382, 1386, 1389, 1403, 1406, 1408, 1410, 1418, 1419, 1420, 1426, 1431, 1440, 1445, 1447, 1454, 1470, 1474, 1480, 1482, 1483, 1486, 1495, 1504, 1505, 1540, 1542, 1543, 1545, 1547, 1548, 1551, 1554, 1565, 1574, 1579, 1587, 1593, 1600, 1604, 1608, 1614, 1615, 1619, 1622, 1633, 1635, 1638, 1640, 1643, 1645, 1647, 1653, 1660, 1668, 1669, 1670, 1679, 1682, 1691, 1692, 1702, 1715, 1720, 1724, 1726, 1736, 1738, 1740, 1745, 1770, 1780, 1795, 1797, 1808, 1827, 1832, 1868, 1871, 1889, 1911, 1913, 1918, 1937, 1941, 1948, 1955, 1966, 1979, 1988, 1991, 1999, 2000, 2009, 2012, 2013, 2015, 2025, 2027, 2029, 2032, 2034, 2038, 2043, 2058, 2061, 2074, 2080, 2089, 2091, 2092, 2093, 2103, 2104, 2106, 2110, 2126, 2130, 2139, 2143, 2144, 2146, 2171, 2175, 2182, 2188, 2190, 2197, 2199, 2204, 2208, 2211, 2212, 2219, 2231, 2234, 2238, 2239, 2249, 2253, 2254, 2258, 2259, 2263, 2264, 2270, 2280, 2289, 2290, 2296, 2302, 2309, 2320, 2321, 2324, 2332, 2336, 2352, 2372, 2375, 2384, 2389, 2396, 2408, 2423, 2433, 2437, 2439, 2445, 2448, 2455, 2463, 2473, 2476, 2477, 2481, 2484, 2489, 2491, 2498, 2501, 2511, 2516, 2519, 2521, 2551, 2553, 2559, 2563, 2564, 2571, 2577, 2584, 2586, 2610, 2623, 2624, 2626, 2635, 2636, 2655, 2665, 2673, 2682, 2685, 2693, 2708, 2723, 2726, 2749, 2751, 2758, 2786, 2787, 2789, 2794, 2795, 2797, 2811, 2813, 2838, 2840, 2844, 2873, 2875, 2881, 2887, 2893, 2895, 2896, 2910, 2919, 2920, 2946, 2954, 2962, 2963, 2974, 2975, 2976, 2984, 2985, 2986, 2997, 2998, 3001, 3004, 3008, 3015, 3019, 3023, 3026, 3027, 3037, 3049, 3050, 3067, 3077, 3078, 3086, 3089, 3094, 3097, 3103, 3112, 3126, 3146, 3147, 3156, 3160, 3163, 3169, 3174, 3179, 3182, 3187, 3191, 3200, 3203, 3211, 3213, 3234, 3260, 3268, 3270, 3272, 3276, 3279, 3281, 3283, 3299, 3307, 3322, 3335, 3338, 3342, 3344, 3347, 3349, 3352, 3372, 3380, 3382, 3383, 3385, 3391, 3392, 3396, 3401, 3403, 3406, 3415, 3419, 3420, 3423, 3429, 3437, 3441, 3443, 3450, 3458, 3475, 3480, 3495, 3500, 3502, 3505, 3509, 3517, 3521, 3526, 3528, 3534, 3538, 3541, 3544, 3550, 3571, 3572, 3573, 3575, 3583, 3585, 3594, 3596, 3599, 3601, 3609, 3654, 3658, 3678, 3680, 3681, 3682, 3694, 3696, 3697, 3702, 3714, 3723, 3748, 3753, 3756, 3758, 3759, 3765, 3774, 3775, 3793, 3795, 3800, 3812, 3813, 3819, 3825, 3844, 3849, 3855, 3856, 3872, 3880, 3885, 3898, 3922, 3925, 3932, 3938, 3944, 3948, 3959, 3960, 3964, 3971, 3972, 3978, 3981, 3983, 3990, 3993, 3995, 4005, 4006, 4010, 4012, 4013, 4034, 4040, 4047, 4049, 4057, 4060, 4073, 4074, 4076, 4078, 4079, 4089, 4091, 4098, 4107, 4117, 4118, 4132, 4138, 4143, 4145, 4155, 4161, 4179, 4182, 4191, 4192, 4196, 4197, 4209, 4213, 4214, 4216, 4223, 4237, 4253, 4257, 4262, 4266, 4269, 4280, 4293, 4301, 4307, 4309, 4336, 4340, 4347, 4348, 4358, 4385, 4387, 4393, 4394, 4405, 4407, 4408, 4413, 4416, 4419, 4425, 4429, 4430, 4431, 4434, 4437, 4442, 4444, 4445, 4447, 4449, 4455, 4458, 4469, 4481, 4497, 4498, 4515, 4521, 4522, 4527, 4528, 4539, 4572, 4583, 4584, 4595, 4610, 4613, 4614, 4618, 4621, 4622, 4636, 4646, 4649, 4652, 4654, 4664, 4668, 4681, 4684, 4685, 4692, 4710, 4711, 4732, 4742, 4743, 4747, 4766, 4768, 4769, 4792, 4798, 4801, 4810, 4813, 4815, 4819, 4823, 4825, 4826, 4829, 4837, 4855, 4856, 4868, 4879, 4880, 4883, 4885, 4886, 4888, 4889, 4894, 4896, 4903, 4904, 4907, 4910, 4924, 4940, 4949, 4957, 4973, 4981, 4985, 4997, 5008, 5010, 5024, 5038, 5049, 5053, 5069, 5076, 5078, 5087, 5089, 5092, 5093, 5095, 5097, 5099, 5105, 5108, 5113, 5117, 5133, 5135, 5136, 5141, 5144, 5145, 5147, 5156, 5158, 5168, 5174, 5175, 5180, 5183, 5187, 5203, 5237, 5239, 5243, 5245, 5246, 5249, 5253, 5267, 5272, 5278, 5289, 5294, 5307, 5309, 5315, 5317, 5326, 5329, 5335, 5347, 5362, 5365, 5366, 5371, 5372, 5376, 5380, 5383, 5385, 5393, 5400, 5409, 5413, 5414, 5422, 5440, 5449, 5452, 5459, 5461, 5465, 5470, 5473, 5479, 5480, 5481, 5489, 5494, 5496, 5500, 5504, 5526, 5528, 5535, 5557, 5560, 5564, 5568, 5574, 5576, 5577, 5581, 5582, 5597, 5602, 5617, 5618, 5620, 5649, 5650, 5652, 5657, 5659, 5661, 5666, 5668, 5679, 5682, 5701, 5707, 5710, 5712, 5714, 5735, 5737, 5761, 5778, 5786, 5789, 5791, 5792, 5808, 5826, 5828, 5832, 5834, 5844, 5855, 5860, 5870, 5873, 5885, 5899, 5902, 5906, 5920, 5922, 5933, 5948, 5959, 5960, 5966, 5969, 5997, 5999, 6004, 6007, 6014, 6019, 6020, 6021, 6029, 6034, 6046, 6060, 6070, 6094, 6110, 6113, 6122, 6123, 6126, 6127, 6136, 6146, 6150, 6157, 6169, 6175, 6176, 6182, 6198, 6199, 6207, 6209, 6211, 6213, 6216, 6238, 6241, 6244, 6245, 6248, 6254, 6260, 6266, 6274, 6295, 6308, 6311, 6342, 6343, 6354, 6365, 6380, 6381, 6382, 6387, 6388, 6392, 6404, 6406, 6418, 6419, 6428, 6429, 6431, 6439, 6443, 6458, 6467, 6475, 6484, 6489, 6490, 6491, 6494, 6496, 6498, 6515, 6524, 6525, 6528, 6529, 6543, 6554, 6558, 6561, 6562, 6565, 6571, 6574, 6575, 6591, 6592, 6628, 6638, 6654, 6656, 6678, 6682, 6683, 6698, 6706, 6718, 6721, 6730, 6731, 6732, 6737, 6749, 6754, 6755, 6758, 6770, 6771, 6776, 6777, 6779, 6784, 6828, 6831, 6833, 6837, 6841, 6851, 6854, 6856, 6861, 6873, 6902, 6905, 6907, 6912, 6933, 6935, 6938, 6945, 6970, 6973, 6975, 7004, 7006, 7009, 7036, 7048, 7065, 7078, 7080, 7102, 7122, 7135, 7136, 7137, 7140, 7142, 7144, 7145, 7152, 7159, 7169, 7171, 7184, 7185, 7186, 7188, 7207, 7220, 7227, 7231, 7235, 7236, 7240, 7242, 7244, 7248, 7257, 7258, 7260, 7261, 7264, 7267, 7276, 7277, 7278, 7279, 7286, 7289, 7297, 7304, 7307, 7310, 7313, 7317, 7327, 7328, 7336, 7337, 7347, 7352, 7367, 7371, 7374, 7376, 7380, 7387, 7407, 7408, 7411, 7413, 7415, 7418, 7419, 7434, 7442, 7459, 7488, 7489, 7499]


==================================================

### Class 13 (Custom_0.2_FM)
Target Standard Bandwidth: 0.2 MHz
--------------------------------------------------
  ● Bandwidth: 0.04 MHz  [ANOMALY] (异常! 差值: -0.1600)
    Count: 513 files
    IDs: [34, 38, 60, 68, 72, 91, 130, 132, 133, 142, 143, 144, 168, 169, 198, 200, 229, 281, 282, 285, 300, 303, 309, 311, 314, 320, 328, 339, 355, 359, 366, 379, 385, 387, 409, 445, 466, 477, 479, 483, 512, 515, 520, 527, 575, 582, 594, 598, 608, 614, 620, 668, 677, 710, 713, 724, 726, 772, 813, 814, 826, 866, 874, 882, 949, 954, 982, 987, 1009, 1011, 1032, 1042, 1046, 1047, 1053, 1071, 1072, 1085, 1149, 1154, 1158, 1159, 1181, 1198, 1207, 1216, 1258, 1268, 1290, 1292, 1320, 1351, 1369, 1370, 1377, 1402, 1416, 1433, 1439, 1470, 1494, 1496, 1509, 1510, 1513, 1528, 1542, 1544, 1569, 1571, 1577, 1605, 1613, 1647, 1649, 1653, 1658, 1675, 1748, 1767, 1770, 1774, 1778, 1782, 1815, 1818, 1832, 1853, 1860, 1865, 1873, 1897, 1921, 1922, 1949, 1962, 1966, 1967, 1973, 1980, 2019, 2034, 2036, 2050, 2053, 2072, 2099, 2107, 2108, 2145, 2157, 2163, 2176, 2185, 2189, 2190, 2203, 2227, 2234, 2244, 2271, 2310, 2320, 2323, 2346, 2359, 2360, 2361, 2368, 2380, 2384, 2407, 2435, 2436, 2451, 2467, 2475, 2507, 2510, 2533, 2553, 2563, 2591, 2615, 2616, 2619, 2676, 2688, 2704, 2705, 2714, 2720, 2725, 2744, 2792, 2805, 2809, 2815, 2830, 2834, 2855, 2868, 2875, 2883, 2887, 2914, 2924, 2948, 2955, 2969, 2992, 3000, 3008, 3013, 3034, 3073, 3106, 3144, 3178, 3213, 3232, 3245, 3256, 3260, 3277, 3293, 3297, 3321, 3325, 3332, 3359, 3364, 3401, 3416, 3433, 3516, 3528, 3540, 3548, 3600, 3607, 3626, 3661, 3662, 3686, 3723, 3772, 3787, 3796, 3804, 3808, 3823, 3842, 3844, 3849, 3850, 3861, 3887, 3892, 3913, 3917, 3920, 3927, 3940, 3941, 3947, 3966, 3995, 4016, 4020, 4033, 4051, 4110, 4155, 4191, 4192, 4200, 4208, 4216, 4258, 4260, 4264, 4267, 4268, 4270, 4284, 4288, 4298, 4300, 4304, 4316, 4323, 4332, 4348, 4351, 4382, 4388, 4459, 4484, 4495, 4507, 4524, 4539, 4545, 4557, 4591, 4610, 4612, 4623, 4627, 4652, 4677, 4685, 4694, 4695, 4714, 4748, 4777, 4783, 4790, 4798, 4841, 4843, 4868, 4872, 4895, 4902, 4918, 4919, 4945, 4970, 4988, 4991, 5015, 5020, 5029, 5034, 5036, 5040, 5044, 5061, 5077, 5078, 5114, 5119, 5146, 5152, 5169, 5172, 5182, 5185, 5218, 5230, 5231, 5235, 5245, 5266, 5275, 5300, 5325, 5330, 5358, 5359, 5360, 5380, 5384, 5386, 5393, 5407, 5445, 5458, 5533, 5536, 5541, 5550, 5558, 5580, 5585, 5587, 5613, 5618, 5627, 5634, 5649, 5661, 5672, 5716, 5717, 5736, 5747, 5774, 5803, 5813, 5822, 5832, 5839, 5889, 5904, 5917, 5928, 5943, 5967, 6002, 6011, 6012, 6020, 6024, 6026, 6047, 6048, 6068, 6078, 6112, 6138, 6141, 6148, 6166, 6180, 6188, 6212, 6232, 6242, 6253, 6261, 6298, 6300, 6305, 6335, 6336, 6342, 6362, 6371, 6378, 6406, 6466, 6482, 6490, 6501, 6532, 6538, 6573, 6594, 6607, 6610, 6622, 6632, 6633, 6637, 6651, 6682, 6687, 6715, 6717, 6720, 6721, 6726, 6737, 6766, 6782, 6819, 6850, 6858, 6877, 6898, 6905, 6936, 6937, 6947, 6958, 6959, 6962, 6970, 6977, 6979, 7026, 7028, 7062, 7071, 7093, 7113, 7145, 7148, 7173, 7193, 7196, 7207, 7209, 7214, 7240, 7242, 7256, 7274, 7276, 7278, 7304, 7310, 7323, 7338, 7345, 7350, 7353, 7359, 7365, 7375, 7383, 7392, 7417, 7431, 7458, 7466, 7471, 7488, 7492]

  ● Bandwidth: 0.12 MHz  [ANOMALY] (异常! 差值: -0.0800)
    Count: 561 files
    IDs: [2, 23, 35, 53, 55, 61, 85, 103, 118, 145, 176, 183, 184, 199, 248, 252, 262, 278, 282, 309, 325, 330, 383, 391, 399, 402, 403, 420, 438, 444, 459, 461, 474, 484, 486, 497, 505, 516, 521, 522, 523, 551, 554, 561, 576, 604, 612, 657, 680, 692, 727, 739, 764, 765, 776, 779, 794, 800, 812, 818, 819, 844, 857, 874, 890, 892, 900, 903, 914, 961, 985, 988, 989, 1002, 1026, 1039, 1047, 1064, 1068, 1108, 1144, 1162, 1167, 1174, 1186, 1193, 1201, 1215, 1219, 1221, 1271, 1272, 1317, 1321, 1329, 1346, 1370, 1382, 1397, 1402, 1446, 1455, 1457, 1458, 1464, 1493, 1499, 1528, 1576, 1585, 1610, 1618, 1620, 1637, 1661, 1674, 1679, 1681, 1693, 1694, 1704, 1716, 1739, 1748, 1761, 1769, 1783, 1790, 1794, 1797, 1801, 1816, 1826, 1829, 1850, 1852, 1864, 1865, 1878, 1879, 1885, 1889, 1901, 1909, 1912, 1918, 1925, 1929, 1933, 1934, 1945, 1955, 1972, 1974, 1990, 2016, 2042, 2048, 2049, 2050, 2055, 2095, 2096, 2100, 2109, 2119, 2127, 2171, 2205, 2228, 2244, 2261, 2270, 2276, 2304, 2369, 2385, 2392, 2405, 2418, 2427, 2428, 2431, 2440, 2446, 2481, 2488, 2501, 2531, 2536, 2572, 2577, 2590, 2598, 2605, 2645, 2669, 2682, 2705, 2707, 2717, 2730, 2738, 2749, 2751, 2761, 2803, 2805, 2823, 2824, 2844, 2848, 2861, 2865, 2866, 2868, 2869, 2883, 2892, 2900, 2910, 2911, 2917, 2924, 2925, 2932, 2950, 2969, 2973, 2995, 2997, 3018, 3025, 3034, 3043, 3068, 3078, 3082, 3091, 3095, 3126, 3145, 3182, 3185, 3200, 3214, 3226, 3228, 3229, 3237, 3263, 3267, 3274, 3285, 3290, 3304, 3305, 3324, 3329, 3334, 3342, 3344, 3350, 3362, 3377, 3391, 3396, 3412, 3418, 3428, 3436, 3445, 3464, 3483, 3530, 3531, 3548, 3582, 3583, 3596, 3606, 3614, 3632, 3645, 3649, 3670, 3684, 3718, 3725, 3742, 3746, 3781, 3830, 3847, 3860, 3864, 3866, 3879, 3892, 3909, 3953, 3967, 3980, 3990, 3991, 4007, 4011, 4025, 4031, 4033, 4040, 4060, 4084, 4094, 4097, 4104, 4135, 4152, 4168, 4171, 4176, 4181, 4194, 4197, 4205, 4206, 4216, 4220, 4314, 4321, 4334, 4351, 4368, 4386, 4388, 4392, 4427, 4432, 4450, 4457, 4469, 4471, 4487, 4503, 4511, 4551, 4559, 4561, 4568, 4574, 4590, 4608, 4616, 4635, 4643, 4694, 4697, 4698, 4703, 4707, 4735, 4758, 4762, 4810, 4813, 4840, 4842, 4851, 4854, 4858, 4877, 4889, 4941, 4944, 4953, 4990, 5002, 5011, 5012, 5031, 5049, 5054, 5071, 5082, 5085, 5106, 5117, 5125, 5159, 5168, 5192, 5208, 5211, 5214, 5216, 5249, 5252, 5286, 5304, 5306, 5311, 5326, 5333, 5341, 5348, 5380, 5384, 5395, 5398, 5418, 5424, 5430, 5446, 5472, 5521, 5529, 5538, 5579, 5588, 5609, 5670, 5675, 5709, 5714, 5732, 5764, 5768, 5786, 5808, 5819, 5838, 5841, 5844, 5856, 5858, 5882, 5893, 5904, 5943, 5946, 5954, 5970, 5977, 5994, 6000, 6012, 6022, 6027, 6034, 6035, 6048, 6049, 6078, 6095, 6098, 6104, 6105, 6108, 6115, 6131, 6157, 6195, 6220, 6222, 6228, 6236, 6247, 6278, 6289, 6296, 6302, 6304, 6344, 6361, 6365, 6369, 6382, 6387, 6424, 6495, 6497, 6503, 6517, 6524, 6530, 6540, 6543, 6545, 6556, 6564, 6569, 6578, 6592, 6610, 6612, 6638, 6643, 6660, 6671, 6673, 6679, 6695, 6728, 6730, 6751, 6768, 6773, 6794, 6809, 6817, 6830, 6856, 6861, 6884, 6886, 6889, 6906, 6908, 6909, 6942, 6950, 6982, 6993, 7001, 7020, 7029, 7062, 7089, 7103, 7106, 7108, 7117, 7126, 7128, 7140, 7155, 7165, 7175, 7179, 7218, 7229, 7233, 7235, 7249, 7291, 7299, 7318, 7346, 7360, 7368, 7400, 7415, 7420, 7428, 7437, 7453, 7463, 7470, 7477, 7490, 7498]

  ● Bandwidth: 0.2 MHz  [STANDARD] (标准)
    Count: 560 files
    IDs: [10, 40, 69, 74, 77, 85, 88, 110, 117, 128, 163, 170, 178, 205, 206, 227, 232, 241, 248, 264, 265, 273, 302, 303, 304, 309, 314, 317, 330, 351, 361, 370, 372, 407, 424, 434, 455, 460, 464, 469, 472, 474, 481, 485, 502, 519, 537, 544, 553, 593, 597, 605, 622, 637, 649, 718, 736, 741, 769, 770, 777, 846, 867, 871, 879, 885, 897, 902, 912, 932, 937, 949, 951, 961, 963, 1013, 1014, 1036, 1041, 1052, 1055, 1068, 1073, 1074, 1107, 1111, 1118, 1139, 1143, 1149, 1180, 1200, 1228, 1230, 1287, 1295, 1316, 1319, 1349, 1372, 1375, 1393, 1401, 1418, 1425, 1431, 1432, 1454, 1506, 1513, 1518, 1519, 1532, 1535, 1538, 1552, 1584, 1608, 1628, 1636, 1639, 1654, 1665, 1681, 1686, 1688, 1725, 1735, 1742, 1760, 1773, 1789, 1822, 1823, 1838, 1845, 1852, 1855, 1857, 1870, 1881, 1896, 1898, 1911, 1918, 1919, 1930, 1933, 1949, 1954, 1959, 1967, 1974, 1996, 1998, 1999, 2009, 2013, 2031, 2034, 2054, 2064, 2068, 2069, 2076, 2092, 2096, 2129, 2140, 2155, 2159, 2181, 2192, 2196, 2214, 2227, 2265, 2283, 2294, 2295, 2310, 2318, 2322, 2329, 2348, 2362, 2381, 2395, 2400, 2417, 2472, 2480, 2495, 2502, 2503, 2504, 2516, 2539, 2542, 2551, 2572, 2573, 2598, 2629, 2632, 2645, 2651, 2661, 2663, 2678, 2679, 2688, 2734, 2741, 2758, 2766, 2789, 2803, 2808, 2809, 2836, 2859, 2865, 2875, 2877, 2879, 2905, 2913, 2935, 2940, 2954, 2955, 2969, 2970, 2976, 2991, 3000, 3031, 3060, 3095, 3102, 3105, 3125, 3127, 3129, 3134, 3170, 3179, 3191, 3204, 3222, 3238, 3263, 3265, 3284, 3299, 3340, 3347, 3350, 3363, 3369, 3389, 3401, 3434, 3449, 3461, 3478, 3482, 3491, 3515, 3563, 3586, 3593, 3601, 3627, 3631, 3636, 3655, 3666, 3668, 3703, 3723, 3725, 3742, 3749, 3755, 3769, 3811, 3816, 3828, 3833, 3846, 3856, 3886, 3889, 3916, 3923, 3956, 3986, 3988, 4015, 4045, 4071, 4084, 4090, 4111, 4125, 4174, 4193, 4224, 4228, 4235, 4244, 4249, 4254, 4260, 4263, 4266, 4272, 4281, 4332, 4363, 4368, 4383, 4390, 4407, 4427, 4428, 4443, 4473, 4475, 4476, 4487, 4515, 4518, 4543, 4572, 4574, 4587, 4605, 4619, 4620, 4627, 4642, 4650, 4657, 4658, 4659, 4664, 4673, 4685, 4686, 4704, 4706, 4714, 4731, 4732, 4734, 4748, 4753, 4804, 4810, 4814, 4815, 4818, 4824, 4825, 4826, 4828, 4838, 4856, 4897, 4900, 4901, 4908, 4913, 4916, 4955, 4966, 4969, 5009, 5018, 5021, 5034, 5072, 5086, 5092, 5097, 5121, 5129, 5153, 5164, 5188, 5199, 5201, 5214, 5218, 5232, 5247, 5248, 5261, 5267, 5296, 5315, 5319, 5331, 5332, 5341, 5347, 5388, 5397, 5430, 5433, 5437, 5442, 5444, 5447, 5469, 5498, 5502, 5509, 5524, 5543, 5576, 5581, 5585, 5620, 5621, 5624, 5659, 5672, 5706, 5709, 5732, 5736, 5745, 5772, 5782, 5795, 5803, 5810, 5817, 5824, 5855, 5875, 5879, 5896, 5902, 5904, 5917, 5931, 5932, 5962, 5964, 5967, 5971, 5979, 6020, 6041, 6045, 6050, 6075, 6080, 6085, 6089, 6103, 6111, 6169, 6173, 6184, 6200, 6204, 6217, 6239, 6240, 6276, 6297, 6311, 6339, 6372, 6390, 6391, 6428, 6430, 6431, 6478, 6482, 6500, 6509, 6511, 6522, 6529, 6533, 6534, 6569, 6576, 6597, 6604, 6619, 6627, 6640, 6645, 6672, 6694, 6697, 6703, 6722, 6760, 6769, 6774, 6801, 6852, 6853, 6891, 6892, 6900, 6905, 6907, 6910, 6936, 6948, 6961, 6971, 6985, 6986, 7001, 7009, 7021, 7026, 7031, 7060, 7061, 7079, 7084, 7089, 7093, 7101, 7116, 7117, 7124, 7165, 7180, 7183, 7188, 7237, 7243, 7250, 7273, 7277, 7298, 7300, 7315, 7317, 7323, 7359, 7402, 7405, 7444, 7470, 7471]


==================================================

